frame,right_knee_filtered,left_knee_filtered,norm_right_hip_x,norm_right_hip_y,norm_right_shoulder_x,norm_right_shoulder_y,frame_torso_length_px,scale_used_px
370,3.118835538443889,4.4733111549874165,-0.14932603,-0.02476202,-0.11773497,-0.57153505,82.75688,139.00632546254448
371,19.738065963549637,28.387800863011684,-0.15444879,-0.020570764,-0.12007923,-0.58312815,82.33786,139.00632546254448
372,57.14161065241353,82.08912258655488,-0.17228255,-0.026331738,-0.14210884,-0.80511606,107.68226,139.00632546254448
373,102.91956183637339,146.6619183816606,-0.08814919,-0.015497174,0.0256516,-0.7716782,104.43167,139.00632546254448
374,134.48826978610302,187.40771038722,-0.16541047,-0.062795945,-0.035208218,-0.96290493,130.8767,139.00632546254448
375,143.13151385899627,189.42862981644348,-0.14547747,-0.051362257,-0.057508744,-0.82196844,111.800865,139.00632546254448
376,136.95532514447783,164.53270042104444,-0.14388493,-0.03204617,-0.030120576,-0.8531202,117.69217,139.00632546254448
377,128.75426678414084,136.66122382955237,-0.17787908,-0.001601551,-0.09908057,-0.84307927,119.93529,139.00632546254448
378,128.4752359875293,127.67317009259342,-0.16262142,0.009081091,-0.24641229,-0.9535637,129.17795,139.00632546254448
379,139.23844587174685,143.05537002278936,-0.16328707,0.005741434,-0.28646225,-0.92132455,132.3321,139.00632546254448
380,155.75699072658878,168.45257927123959,-0.17670015,0.0038948755,-0.32855967,-0.8993125,129.67245,139.00632546254448
381,169.3481993688826,185.10389092553655,-0.1760863,-0.0046079443,-0.3263814,-0.8932593,128.41495,139.00632546254448
382,175.2245543900355,186.2450002135687,-0.17563361,-0.002224608,-0.32496095,-0.88857126,127.45283,139.00632546254448
383,174.64471087208565,178.31449737461304,-0.17385094,-0.00065642735,-0.3289487,-0.8734815,124.48289,139.00632546254448
384,171.75105727028645,171.30022728874923,-0.16649105,0.0017418377,-0.32254162,-0.876722,125.29987,139.00632546254448
385,169.64307360491222,170.09317995495724,-0.16789304,0.0041177096,-0.3243199,-0.87832946,125.98277,139.00632546254448
386,168.96806583336064,173.14127407936095,-0.16459334,0.0020353638,-0.32223293,-0.88317776,125.716545,139.00632546254448
387,168.9749894380645,176.48421017897707,-0.16481946,0.00054314424,-0.31704125,-0.8798976,125.41016,139.00632546254448
388,169.0136927151865,177.81150030928086,-0.16589566,0.0076841516,-0.31900087,-0.88543904,125.74311,139.00632546254448
389,169.02626751697818,177.36251655123073,-0.16463286,0.0056382497,-0.320355,-0.89386374,127.246994,139.00632546254448
390,169.16527339164642,176.43096861035542,-0.16475096,0.0058962107,-0.3200564,-0.8968921,127.133995,139.00632546254448
391,169.38499796527324,175.90455948728277,-0.16517995,0.0062031285,-0.32297543,-0.90069646,127.402115,139.00632546254448
392,169.47029509964116,175.90596026817752,-0.16454329,0.0055710706,-0.31666407,-0.9074992,128.01259,139.00632546254448
393,169.33382857620694,176.12773633387633,-0.16558743,0.0007332667,-0.31399095,-0.91073763,128.39296,139.00632546254448
394,169.17316615092196,176.23663374461387,-0.1662219,0.0021315229,-0.31214768,-0.91220814,128.9933,139.00632546254448
395,169.26289463145204,176.07634192973063,-0.16624825,0.0015273462,-0.31121945,-0.9135877,128.71971,139.00632546254448
396,169.6495993824896,175.7065880537208,-0.1691093,0.002796732,-0.31351453,-0.9038506,127.44776,139.00632546254448
397,170.16693764953712,175.30055141615043,-0.1690768,0.0031416307,-0.31796023,-0.8987384,126.71237,139.00632546254448
398,170.61837836351464,175.0082374441036,-0.16779248,0.0028250525,-0.32482046,-0.8893486,125.69034,139.00632546254448
399,170.8207417532647,174.9347934846316,-0.16592464,0.0008988005,-0.32699567,-0.88719493,125.40705,139.00632546254448
400,170.65720168863695,175.11333222282911,-0.1646188,0.00048803946,-0.32395414,-0.8839227,125.32935,139.00632546254448
401,170.22947044916938,175.4532355483619,-0.16416875,0.0030059542,-0.31962436,-0.885279,125.39842,139.00632546254448
402,169.83622241991156,175.8091525119899,-0.16583286,0.0038777513,-0.31589654,-0.8873216,126.10875,139.00632546254448
403,169.71256063093048,176.02945887376978,-0.16872466,0.003501019,-0.31674924,-0.89248586,126.76628,139.00632546254448
404,169.87218885973593,175.94065232136768,-0.17033434,0.0037273658,-0.32153833,-0.89182854,126.61244,139.00632546254448
405,170.17143890375294,175.45999335038516,-0.1724046,0.0052507604,-0.3262198,-0.89073086,126.6405,139.00632546254448
406,170.36043566009243,174.6933217871405,-0.17082083,0.004809922,-0.3287283,-0.8870228,125.766914,139.00632546254448
407,170.1523118845236,173.9057747890924,-0.16880414,0.0037618338,-0.33301502,-0.88284075,124.9997,139.00632546254448
408,169.43669854926355,173.47327363484706,-0.16782323,0.0025473332,-0.33475292,-0.8827141,125.2786,139.00632546254448
409,168.3892628088567,173.64341587080503,-0.16655429,0.002328451,-0.33318585,-0.88229126,124.95993,139.00632546254448
410,167.36101574233942,174.22991184172193,-0.16708776,0.0017424963,-0.33183128,-0.88150597,125.14937,139.00632546254448
411,166.72645944342557,174.76429730092565,-0.16714397,0.0015477635,-0.33199197,-0.8802796,125.10795,139.00632546254448
412,166.700843073038,174.95786325787878,-0.1676959,0.0011385392,-0.32926702,-0.88105065,125.20805,139.00632546254448
413,167.18702688700012,174.87627556662463,-0.16742015,0.000986617,-0.3257355,-0.88106006,125.21876,139.00632546254448
414,167.87626055444045,174.74171545789937,-0.16758612,0.0010107664,-0.32477304,-0.88151234,125.2716,139.00632546254448
415,168.50287122114773,174.6910014263979,-0.16756241,-0.00037739085,-0.3239414,-0.8828985,125.450066,139.00632546254448
416,168.94904492993933,174.70986346030492,-0.16779557,-0.00014621425,-0.32448676,-0.8772917,124.76017,139.00632546254448
417,169.20096580494632,174.71801050925833,-0.16683398,-0.0016098935,-0.32357696,-0.8764267,124.35259,139.00632546254448
418,169.3071968126145,174.67027118681347,-0.16302098,-0.00064523076,-0.31894246,-0.8752559,124.18221,139.00632546254448
419,169.3513346332142,174.58240305831401,-0.16401638,-0.0004886981,-0.31379247,-0.87863326,124.55452,139.00632546254448
420,169.41479082021618,174.47832613432578,-0.16518523,-0.00015214186,-0.31158698,-0.87944955,125.166954,139.00632546254448
421,169.52390709394476,174.34186752341083,-0.16475184,-0.00048738084,-0.30839264,-0.8827951,125.43729,139.00632546254448
422,169.613115046987,174.15269476650204,-0.16346402,-0.00036838965,-0.31175074,-0.8817354,125.28247,139.00632546254448
423,169.54961609990463,173.97709682400563,-0.16019067,-0.0014164781,-0.3127321,-0.876343,124.64968,139.00632546254448
424,169.23113235928588,173.98278256083603,-0.15660073,-0.0046628295,-0.30158073,-0.87972766,124.37941,139.00632546254448
425,168.74853692835148,174.2732702795257,-0.15455022,-0.0051903864,-0.2927117,-0.886638,124.522804,139.00632546254448
426,168.32991364137436,174.7664633080294,-0.15323034,-0.0075054453,-0.28897512,-0.87291074,122.50267,139.00632546254448
427,167.8532816730885,175.34583920937814,-0.15602466,-0.001939205,-0.2994042,-0.86407375,122.76617,139.00632546254448
428,166.64066986440363,175.9285011411102,-0.15815684,0.0008338164,-0.31935126,-0.8597859,121.71912,139.00632546254448
429,164.19945239585752,176.27869385924015,-0.15879263,0.00054709596,-0.3317992,-0.85440564,120.98643,139.00632546254448
430,160.9658769973105,176.0789822402567,-0.15895772,-0.003714413,-0.33540496,-0.8532864,120.283035,139.00632546254448
431,157.7032905707422,175.308320295352,-0.15941437,-0.0144543545,-0.34256682,-0.817348,115.04461,139.00632546254448
432,154.28089259240005,174.24097135915125,-0.15598689,-0.018117394,-0.36338764,-0.76974034,108.66579,139.00632546254448
433,149.9142877629223,173.0124308835413,-0.15613267,-0.01945418,-0.380691,-0.74552894,104.123764,139.00632546254448
434,144.67673093029867,171.48758224138504,-0.15368304,-0.028093554,-0.4196314,-0.7420876,101.893364,139.00632546254448
435,139.76068248146785,169.53803102300714,-0.14017424,-0.020316098,-0.4616928,-0.7094006,100.325294,139.00632546254448
436,136.097911366629,167.25590259738732,-0.14585684,-0.021066926,-0.47702423,-0.6891275,96.62845,139.00632546254448
437,133.6166932423717,164.99610982910008,-0.1444285,-0.020309512,-0.49466038,-0.640286,91.42006,139.00632546254448
438,131.85305790671927,163.15656502712469,-0.14135274,-0.0265897,-0.51387155,-0.6208455,89.13584,139.00632546254448
439,130.4660988866484,161.76632390961356,-0.13929126,-0.01581946,-0.5282194,-0.5991307,90.80351,139.00632546254448
440,129.14453639885218,160.50566716664963,-0.1420039,-0.014811987,-0.52424353,-0.5636533,84.34411,139.00632546254448
441,127.69360295925652,159.1822378529377,-0.13873713,-0.015732303,-0.5332192,-0.55916196,84.33107,139.00632546254448
442,126.23637695572782,157.89444770545282,-0.14003155,-0.015904203,-0.5322809,-0.54148364,81.064575,139.00632546254448
443,124.91529454709651,156.73256170386603,-0.1405422,-0.01595316,-0.5331411,-0.5299057,80.25964,139.00632546254448
444,123.63023609563349,155.62553963741186,-0.1407692,-0.014873019,-0.5312842,-0.5153934,78.4055,139.00632546254448
445,122.332569745137,154.5155157264148,-0.1487763,-0.014018785,-0.53784186,-0.48210636,74.48565,139.00632546254448
446,121.17891499605285,153.39002515505712,-0.14446363,-0.00839744,-0.5436347,-0.4252501,72.98442,139.00632546254448
447,120.19496417792148,152.15403403621087,-0.13990948,-0.008961441,-0.546072,-0.4527812,75.388,139.00632546254448
448,119.16032692152837,150.75167889897256,-0.14030465,-0.010267051,-0.5473449,-0.47760293,75.55572,139.00632546254448
449,117.99009797209129,149.29684915210134,-0.14322893,-0.01967394,-0.54326016,-0.47821304,76.43443,139.00632546254448
450,116.91270067910968,147.93136214040632,-0.13447145,-0.017562835,-0.5478139,-0.50810814,79.80714,139.00632546254448
451,116.08547938511099,146.63935929130392,-0.14171849,-0.01866559,-0.53830904,-0.47551003,76.87103,139.00632546254448
452,115.36703074572986,144.99767956646073,-0.1425545,-0.020968134,-0.5281478,-0.49946702,79.46909,139.00632546254448
453,114.63054835970532,142.17373234804575,-0.14168644,-0.018596653,-0.52792174,-0.501934,80.93419,139.00632546254448
454,113.88330167314231,137.9021381207031,-0.14526495,-0.014905511,-0.5225267,-0.5039459,81.730095,139.00632546254448
455,113.08637952575651,133.38944117333736,-0.15069596,-0.016556239,-0.5248121,-0.5041382,80.15202,139.00632546254448
456,112.26865342468241,130.33174492203364,-0.15254538,-0.019108841,-0.5239309,-0.51059705,80.028915,139.00632546254448
457,111.6821400368339,129.32325504312695,-0.15443079,-0.013764118,-0.5280666,-0.50239044,80.16569,139.00632546254448
458,111.57824459614008,129.76734980898016,-0.15125228,-0.024015801,-0.527768,-0.5090737,79.92257,139.00632546254448
459,111.94309790253465,130.6705309964968,-0.1409681,-0.016220562,-0.5277711,-0.48668006,79.08074,139.00632546254448
460,112.52919880967936,131.41785768056084,-0.13022771,-0.015368303,-0.53620803,-0.5174011,81.81834,139.00632546254448
461,112.97020030087377,131.97659629922575,-0.13025978,-0.014125702,-0.53514063,-0.5177743,81.49591,139.00632546254448
462,112.90588371195126,132.2812870581505,-0.13364948,-0.010000528,-0.5445291,-0.51587504,84.469795,139.00632546254448
463,112.23219464560256,132.0666507750417,-0.13603677,-0.012616797,-0.53675824,-0.52333266,82.53315,139.00632546254448
464,111.22470488593999,131.39969635415721,-0.13057679,-0.010379016,-0.5431802,-0.48161438,82.21662,139.00632546254448
465,110.34754169394627,130.92999995647372,-0.1254571,-0.010960141,-0.5479535,-0.50416255,83.509056,139.00632546254448
466,109.90845698729044,131.68863661628473,-0.12679455,-0.020729713,-0.54242414,-0.51736027,83.24044,139.00632546254448
467,109.88398146568113,134.47078287131342,-0.12727754,-0.025684532,-0.5309505,-0.518679,82.38306,139.00632546254448
468,110.0043864477131,138.70921667991476,-0.12981234,-0.01773693,-0.5289452,-0.5238874,84.20491,139.00632546254448
469,109.98960161861052,142.0679850127232,-0.13174212,-0.022099208,-0.52580535,-0.5264806,82.037636,139.00632546254448
470,109.93864049630555,142.44518631615338,-0.13402842,-0.024215583,-0.52683675,-0.531374,81.74139,139.00632546254448
471,110.33059476252546,140.36358567515734,-0.13193399,-0.02271041,-0.5297878,-0.5149846,81.00142,139.00632546254448
472,111.32299001962647,138.1341766772764,-0.13828355,-0.02352337,-0.5354669,-0.51958466,81.66153,139.00632546254448
473,112.39463461168654,137.01183266984367,-0.14021683,-0.023458825,-0.5314269,-0.5151067,80.68694,139.00632546254448
474,112.91389762068937,136.19407256774682,-0.13413599,-0.023221062,-0.53605396,-0.5112816,84.10307,139.00632546254448
475,112.6957822795863,134.31076391673042,-0.130878,-0.02472931,-0.5172419,-0.5349134,84.85025,139.00632546254448
476,111.94905712475556,131.39778140162855,-0.13465674,-0.019929485,-0.5161218,-0.5174924,81.35347,139.00632546254448
477,111.02200437561538,129.21198320364664,-0.12348211,-0.017015519,-0.5357677,-0.50175285,83.362724,139.00632546254448
478,110.264786438534,129.2532209518704,-0.14515036,-0.019247372,-0.51296,-0.5062153,78.36363,139.00632546254448
479,110.08441539048056,131.23423530266334,-0.1488953,-0.015951185,-0.513338,-0.47525164,77.86066,139.00632546254448
480,110.86859650295139,133.92160959569722,-0.14850537,-0.027881257,-0.5089538,-0.49526784,77.90331,139.00632546254448
481,112.44243309393362,136.18356543579029,-0.14227217,-0.025154999,-0.52456844,-0.49630496,79.66208,139.00632546254448
482,114.01945709519688,137.32844550377226,-0.14737254,-0.03265627,-0.5099303,-0.48488972,74.26265,139.00632546254448
483,115.10952495977858,137.60660505560602,-0.15242682,-0.028354589,-0.51796204,-0.4333492,74.6093,139.00632546254448
484,115.74035815032956,138.11635062864943,-0.15882161,-0.013626466,-0.5247458,-0.4299777,76.60123,139.00632546254448
485,115.63458241897509,139.54996319506284,-0.13557222,-0.019125527,-0.5566091,-0.52867496,83.64969,139.00632546254448
486,114.24071113671256,141.09157885529075,-0.12822463,-0.016567655,-0.5600722,-0.531911,85.67746,139.00632546254448
487,111.79100715433117,141.1579146585126,-0.12739433,-0.029437803,-0.54627794,-0.5237952,81.791145,139.00632546254448
488,109.57741116862867,139.32916595671503,-0.13054386,-0.02380131,-0.544512,-0.49247354,80.10208,139.00632546254448
489,108.80743785145356,136.82328405204012,-0.12755767,-0.023254434,-0.54601055,-0.4907227,80.16517,139.00632546254448
490,109.42202956395911,134.97951249341278,-0.12486917,-0.01589081,-0.54258835,-0.49349946,79.4332,139.00632546254448
491,110.39171241587016,134.00778948750266,-0.12746765,-0.010628854,-0.54159206,-0.49241754,79.24659,139.00632546254448
492,110.90779683765182,133.47306341235023,-0.13381897,-0.008759683,-0.53207237,-0.47618425,79.75353,139.00632546254448
493,110.83179219927258,133.17974471859978,-0.13450614,-0.00887077,-0.53218824,-0.46401992,79.90747,139.00632546254448
494,110.30390894040663,133.00603724382108,-0.13385366,-0.0044496553,-0.53177595,-0.4777316,81.24571,139.00632546254448
495,109.55733858976168,132.64101336474275,-0.13732943,-0.007829707,-0.5056734,-0.48314303,78.937,139.00632546254448
496,109.02069856800624,131.92696765109324,-0.13717224,0.0015216381,-0.5079347,-0.4847595,81.92362,139.00632546254448
497,109.01082962078449,130.85769086076462,-0.15116754,-0.008034758,-0.500022,-0.49801847,78.66786,139.00632546254448
498,109.4090961583889,129.2489155306571,-0.14759253,-0.008939926,-0.51569283,-0.48301548,82.713875,139.00632546254448
499,109.9834110637268,127.22786007589045,-0.15584025,-0.024252685,-0.51503116,-0.4998501,80.32224,139.00632546254448
500,110.7155979819063,125.88778350259892,-0.1499627,-0.015702225,-0.53290266,-0.48587897,79.07421,139.00632546254448
501,111.59953293783043,126.39711210349643,-0.158307,-0.023493951,-0.5263384,-0.49223906,77.16752,139.00632546254448
502,112.3779321056904,128.5484622142309,-0.148919,-0.013952703,-0.53076565,-0.45300248,80.2267,139.00632546254448
503,112.64482397565801,131.0633710042576,-0.13373818,-0.014415935,-0.5269711,-0.5054205,81.48988,139.00632546254448
504,112.24661328019873,133.2147934588369,-0.13303916,-0.015311662,-0.5350335,-0.47770962,81.46562,139.00632546254448
505,111.44207623505407,135.175888186985,-0.13564116,-0.0133999,-0.52086437,-0.47991973,81.32608,139.00632546254448
506,110.43717063794898,136.7519606401889,-0.13344882,0.0045495466,-0.5091343,-0.481383,85.09855,139.00632546254448
507,109.069523410353,137.3541145601525,-0.12247749,0.0029168206,-0.4959135,-0.48715517,85.9938,139.00632546254448
508,107.52848721476883,137.7135305619452,-0.13099524,0.002213192,-0.5021261,-0.4706,84.012535,139.00632546254448
509,107.11012393695388,139.7927179642962,-0.14435782,-0.005080616,-0.5186558,-0.48497885,81.58652,139.00632546254448
510,109.17450981928944,144.23279968984016,-0.13920212,0.008482402,-0.51672685,-0.46616903,83.167244,139.00632546254448
511,113.31890055958291,149.30691498279205,-0.14285924,0.014829111,-0.5558368,-0.4020029,78.57577,139.00632546254448
512,117.6816598208864,152.7618921099283,-0.13296847,0.014698704,-0.5863341,-0.4604939,83.82942,139.00632546254448
513,120.55426968498493,153.102199187424,-0.13315552,0.046992514,-0.6161578,-0.46197578,88.807884,139.00632546254448
514,120.81032215189563,149.53896801544968,-0.13085824,0.05274295,-0.56703866,-0.47044128,86.637764,139.00632546254448
515,118.50440661814093,144.07151336997435,-0.14492995,0.042070847,-0.5315182,-0.49533832,85.47912,139.00632546254448
516,115.96295904660462,142.8849420418195,-0.14328338,0.03971693,-0.49010974,-0.49347377,83.78475,139.00632546254448
517,116.38745323027095,150.75475476934724,-0.13957138,0.03694303,-0.41979912,-0.56242764,90.25948,139.00632546254448
518,121.61684520423553,164.0801312595823,-0.14464058,0.030970199,-0.33429495,-0.54945254,88.412575,139.00632546254448
519,132.2231752060718,173.40403984332227,-0.15833335,0.021910403,-0.29263794,-0.65289164,98.775475,139.00632546254448
520,147.05701944216304,172.71926074924136,-0.16381441,0.020143759,-0.30595836,-0.71066254,102.0444,139.00632546254448
521,161.3834920689397,163.8153227271306,-0.16848712,0.016159968,-0.27960426,-0.7562274,104.32463,139.00632546254448
522,164.65347608964797,152.78754537286196,-0.16733585,0.010215678,-0.25379106,-0.7637475,102.8664,139.00632546254448
523,142.16751155472656,145.12586493600722,-0.17165114,0.008422248,-0.25135285,-0.74597347,100.34588,139.00632546254448
524,91.53908878699264,143.22191617720435,-0.17039053,0.010313813,-0.2770826,-0.7344847,98.83147,139.00632546254448
525,36.58560466652903,145.7467462036703,-0.1767502,-0.011227103,-0.26428556,-0.7594858,101.29939,139.00632546254448
526,11.330630944810535,149.04411293085943,-0.17640992,0.0014349194,-0.34622175,-0.78730994,104.50529,139.00632546254448
527,33.13182488189771,150.3008145113555,-0.17541671,-0.0069792056,-0.4235963,-0.7371179,99.993324,139.00632546254448
528,89.70568007565731,149.50808558629058,-0.17991158,0.012019427,-0.45790747,-0.7421098,102.93619,139.00632546254448
529,145.75685886582096,148.36502546112396,-0.18405697,0.015589382,-0.521912,-0.7637629,109.24429,139.00632546254448
530,171.77555384089084,148.72794018752603,-0.18099919,0.012255213,-0.5243476,-0.7615297,109.570435,139.00632546254448
531,167.78185538586396,152.27660938532793,-0.17605338,0.025947321,-0.51647925,-0.70327276,102.204475,139.00632546254448
532,154.41396310237496,157.15643907133307,-0.17647885,0.026691565,-0.46564847,-0.6593185,95.34927,139.00632546254448
533,148.8565431850357,156.75205764187325,-0.16651608,0.016566997,-0.38739794,-0.67672676,99.06182,139.00632546254448
534,153.24333554735125,150.23057392038007,-0.17075673,0.019706212,-0.31912863,-0.69806,100.56192,139.00632546254448
535,159.78652283100246,147.03752993832487,-0.18178998,0.018476345,-0.27997,-0.7201456,101.117546,139.00632546254448
536,161.61113636337404,153.75310392235474,-0.1871358,0.012526127,-0.2715541,-0.7200255,102.62899,139.00632546254448
537,158.34166752878025,166.40477087868223,-0.18704404,0.0014788277,-0.21006861,-0.77217984,114.86759,139.00632546254448
538,154.61668922368335,176.38486044965194,-0.18319504,-0.0035618318,-0.15934807,-0.79359347,114.33039,139.00632546254448
539,154.9793290330835,177.60675248954902,-0.18285519,-0.017503778,-0.1522749,-0.7903134,113.081154,139.00632546254448
540,159.6807943962399,170.1620295203542,-0.18567674,-0.02987908,-0.13290524,-0.7759278,110.24079,139.00632546254448
541,162.63284841512865,159.21844047048032,-0.1833395,-0.026701225,-0.09743577,-0.78527087,111.286736,139.00632546254448
542,153.64951289951165,150.70874689064445,-0.18295926,-0.030360533,-0.06881203,-0.80152833,107.18429,139.00632546254448
543,134.26042937668532,147.71225216975256,-0.18449253,-0.017241865,-0.094929054,-0.8367361,107.28937,139.00632546254448
544,125.12087328332802,148.98273969972416,-0.1849316,-0.01477686,-0.10630259,-0.8815727,111.49796,139.00632546254448
545,139.79365505752082,150.73660291948872,-0.18606094,-0.014557758,-0.26339245,-0.8940725,109.10852,139.00632546254448
546,165.7636777973635,150.6139714834656,-0.18860672,-0.0037930084,-0.38447323,-0.9081019,118.168945,139.00632546254448
547,182.31555105692195,149.3093593918293,-0.1905163,0.008535312,-0.48015663,-0.88745594,122.328354,139.00632546254448
548,181.67660625715322,148.0900179331661,-0.19253036,0.010196798,-0.53918594,-0.8833095,122.00941,139.00632546254448
549,170.55595672573227,143.2148396711111,-0.19935896,0.008774611,-0.5508655,-0.8255504,117.01096,139.00632546254448
550,160.52189911877238,123.68821935823583,-0.20000397,0.01025783,-0.5084638,-0.8179884,114.97906,139.00632546254448
551,158.35772279377767,83.59163315683216,-0.19003154,0.0067805215,-0.43569213,-0.8293052,115.371,139.00632546254448
552,162.920619295459,37.395432438994966,-0.19321927,-0.00064303534,-0.41089892,-0.79857856,113.34267,139.00632546254448
553,168.80392258676255,14.528338827394222,-0.19976512,-0.021827636,-0.3789544,-0.83111256,117.18985,139.00632546254448
554,171.80904203321748,37.52330629244446,-0.20114471,-0.030848354,-0.25306395,-0.82237154,116.50416,139.00632546254448
555,171.98053162870403,100.30094374945017,-0.21667284,-0.027056443,-0.1526266,-0.8416498,122.61221,139.00632546254448
556,171.93701900140738,166.0909103002203,-0.22392999,-0.04205043,-0.09547132,-0.910473,129.00485,139.00632546254448
557,172.3515028741712,197.58064850437523,-0.21702541,-0.043098297,-0.048248507,-0.9165244,133.69421,139.00632546254448
558,170.4333920063378,188.55047493147168,-0.19784325,-0.047023688,-0.019650668,-0.82553214,125.05929,139.00632546254448
559,162.09293619203794,161.52828865846055,-0.18404862,-0.043059,-0.00044654624,-0.8228553,123.35339,139.00632546254448
560,146.7736067727759,142.46241553032297,-0.19859935,-0.03656322,-0.04128906,-0.8301973,122.81015,139.00632546254448
561,132.79253559213,141.42444510123835,-0.20871449,-0.042120025,-0.09374749,-0.8608542,116.44402,139.00632546254448
562,132.7214220366415,151.11675837492146,-0.20689009,-0.02667049,-0.124946006,-0.90602386,118.82998,139.00632546254448
563,149.26639934832576,158.86281470939358,-0.1997032,-0.00871775,-0.14463575,-0.9496114,125.731834,139.00632546254448
564,170.87236899249143,159.44063817275867,-0.21221001,-0.0029078196,-0.32331923,-0.94884545,121.56826,139.00632546254448
565,183.97742719587856,156.24657918357352,-0.22879983,0.005023316,-0.4815362,-0.9704724,126.75044,139.00632546254448
566,185.0795248548621,153.9808482909372,-0.23503612,0.02966898,-0.56415033,-0.9101036,127.93055,139.00632546254448
567,179.79762614039785,151.52030836668052,-0.23466158,0.014885752,-0.6483737,-0.9000139,126.860275,139.00632546254448
568,174.82494720887865,137.79057749770143,-0.24204035,0.0036579908,-0.7035619,-0.93333507,132.26778,139.00632546254448
569,172.62461985867793,103.20049123573048,-0.23939577,0.009681315,-0.630893,-0.9828349,139.54997,139.00632546254448
570,172.00872172472464,58.75444705404039,-0.23861288,0.0033914682,-0.5832157,-0.9329066,133.05244,139.00632546254448
571,171.2983901379764,28.57352779392692,-0.24117316,0.014842723,-0.5442455,-0.82913494,119.69575,139.00632546254448
572,169.6247907846578,26.550370799512578,-0.27287224,0.0019082497,-0.47963807,-0.7272023,109.217735,139.00632546254448
573,167.52963625582692,52.61472624807361,-0.28480867,-0.009713149,-0.30669472,-0.758668,114.97076,139.00632546254448
574,167.36655606511397,97.95212193058615,-0.29292423,-0.010691204,-0.19380458,-0.9470823,144.11418,139.00632546254448
575,170.54166439305436,143.66508677547898,-0.27963454,-0.013812197,-0.14126976,-0.8959273,143.3371,139.00632546254448
576,174.86659484016195,169.7027667111065,-0.2893251,0.007936844,-0.09875258,-0.90945256,152.09845,139.00632546254448
577,176.89365609167606,171.68363631688064,-0.27356336,-0.016681377,0.0046713916,-1.0973438,163.88956,139.00632546254448
578,174.6331051243844,161.5800708092019,-0.2739243,-0.013186286,-0.02766567,-0.974289,141.81767,139.00632546254448
579,162.92771577441394,153.77750588623147,-0.295528,0.03072519,-0.09808298,-0.851573,126.9626,139.00632546254448
580,133.9139567276005,154.09755492984488,-0.30179545,0.02344192,-0.12697369,-0.7532425,117.01488,139.00632546254448
581,96.59291725555946,158.53672885163093,-0.26355976,0.0039642504,-0.20756102,-0.9091951,122.23688,139.00632546254448
582,80.84355730560104,159.76913676424306,-0.250285,0.00060373754,-0.18175662,-0.99381214,122.90981,139.00632546254448
583,103.72969113678819,155.7663244617828,-0.23471734,-0.015129004,-0.19908893,-1.015356,116.56555,139.00632546254448
584,148.00283749388822,152.02303855787153,-0.25540864,-0.0096025,-0.33533955,-0.98542225,114.38353,139.00632546254448
585,182.6929394371104,154.46180201956824,-0.2497559,-0.0047809426,-0.4582956,-0.89947003,102.78419,139.00632546254448
586,192.45585983091604,161.93452043285296,-0.24288031,-0.0044090403,-0.5515627,-0.815697,98.25101,139.00632546254448
587,183.86583330277136,166.88891126146999,-0.24342039,-0.0046173846,-0.54718995,-0.77878034,96.10544,139.00632546254448
588,171.7551336813476,160.88419204186275,-0.25144285,-0.0038476742,-0.6469199,-0.7214717,89.52473,139.00632546254448
589,166.12423996854017,139.88623247482099,-0.22681957,-0.004127589,-0.57823896,-0.69374263,87.18842,139.00632546254448
590,168.72638089314842,107.97515565191273,-0.23198098,-0.006228815,-0.4948303,-0.57266873,78.21972,139.00632546254448
591,175.35150990727803,75.89509204932949,-0.22940753,0.036954883,-0.39383358,-0.52518225,77.96899,139.00632546254448
592,180.29375569756476,57.33432238128444,-0.21972094,0.00010955092,-0.34105858,-0.5683668,86.61132,139.00632546254448
593,180.526659843852,65.55167588742432,-0.207943,-0.0061271675,-0.21167038,-0.51618594,80.33277,139.00632546254448
594,177.47406413855015,101.8193880166318,-0.19378921,-0.009208205,-0.05349773,-0.50998014,80.927986,139.00632546254448
595,175.139062874757,146.49752112074066,-0.17612275,-0.04634882,0.037433922,-0.5660099,94.21532,139.00632546254448
596,175.68439714325314,174.27131402437598,-0.1736696,-0.052878406,0.13944624,-0.61686826,104.84858,139.00632546254448
597,177.6002133421833,177.01607640937254,-0.17036463,-0.060276497,0.18825546,-0.61118174,106.40014,139.00632546254448
598,178.36380092983703,165.24699676803579,-0.15568437,-0.07645952,0.2392456,-0.5942951,103.476006,139.00632546254448
599,177.0043551483087,153.01822999203094,-0.16358389,-0.12219318,0.1896838,-0.5203212,94.5673,139.00632546254448
600,174.0856729777547,147.1875900175977,-0.028818259,-0.030965807,0.49134925,-0.4005129,93.40742,139.00632546254448
601,171.24211281920577,147.7804671988531,0.057224218,0.009623796,0.65500075,-0.30447602,94.063545,139.00632546254448
602,169.6196207713493,152.76409265208767,-0.09384233,-0.0465407,0.32843366,-0.4852399,86.42022,139.00632546254448
603,166.5157101136845,160.07873676729275,-0.09238721,-0.083810404,0.43542516,-0.5784684,98.2054,139.00632546254448
604,157.58035196884023,166.39073991094708,-0.065518476,-0.08527211,0.4975267,-0.57326746,103.418495,139.00632546254448
605,145.2974550959145,167.79542911613999,-0.00491596,-0.051491786,0.6201232,-0.51650643,108.388336,139.00632546254448
606,138.82895782661234,163.53641453372575,0.0788591,0.03195462,0.85716856,-0.336884,113.20872,139.00632546254448
607,142.3007146455435,156.6747007754551,0.0019490843,0.0071917213,0.62907565,-0.5168377,122.374115,139.00632546254448
608,148.86667219037741,150.61935963773385,-0.05345426,-0.021067806,0.48727942,-0.56977105,121.48502,139.00632546254448
609,149.00608268903642,146.25301670591455,-0.08743393,-0.04456988,0.4479987,-0.5763364,118.37082,139.00632546254448
610,140.22072151301245,141.70699926821163,-0.109209314,-0.07220152,0.516322,-0.5757959,119.21199,139.00632546254448
611,124.65130575701664,135.32636427781392,-0.061256748,-0.06648094,0.7391995,-0.5499379,128.1476,139.00632546254448
612,103.90404778077938,128.48513596558107,-0.03442138,-0.06660542,0.8453875,-0.5397807,132.9001,139.00632546254448
613,82.53688129496734,122.40863426752907,-0.043708842,-0.049302086,0.8064212,-0.48001152,128.3983,139.00632546254448
614,69.38332660184082,114.63494282395376,-0.06775911,-0.019714335,0.7940703,-0.42681542,129.4896,139.00632546254448
615,70.44146202003674,103.4769400869383,-0.02787994,-0.029359207,0.8872123,-0.5819704,139.14745,139.00632546254448
616,82.77939831502763,92.60951778165922,-0.013179041,0.0037910326,0.92824405,-0.56043804,144.24321,139.00632546254448
617,97.02715648162503,87.2128629031254,-0.077712215,-0.001467192,0.9691932,-0.5779471,152.62746,139.00632546254448
618,107.92816410430838,88.42445277577166,-0.074337,0.024001531,1.0516423,-0.51466596,161.30421,139.00632546254448
619,118.85026935245938,93.29422710567461,-0.002960729,0.027534382,1.1465327,-0.5044886,169.8749,139.00632546254448
620,131.23388288340044,98.30996174346954,-0.023687368,0.03234277,1.1575125,-0.4883131,173.87183,139.00632546254448
621,137.96148974818396,102.30077747892105,-0.021278126,0.013444247,1.0970418,-0.5244132,169.09077,139.00632546254448
622,132.57164143060515,105.62369068259122,-0.03415047,0.024695061,1.1265769,-0.5944843,172.60938,139.00632546254448
623,116.78661946925848,107.0467425609237,-0.03262466,0.018830243,1.1888443,-0.56367606,176.44087,139.00632546254448
624,97.6261438409556,104.51173914636566,-0.037923936,0.020771645,1.1817471,-0.62162507,181.35321,139.00632546254448
625,82.22388532200533,98.70395007222079,-0.006587984,0.03801834,1.2284645,-0.5617861,183.01547,139.00632546254448
626,74.00035605584223,92.13097121232718,-0.038971588,0.031053843,1.102444,-0.55754316,174.28786,139.00632546254448
627,72.9243099251432,86.83728365273043,-0.037892323,0.014887509,0.95804363,-0.4791911,158.38716,139.00632546254448
628,79.20295525565754,87.38955989693928,0.051827025,0.027869621,1.0079668,-0.5084943,156.11565,139.00632546254448
629,91.85728114898414,100.61743565532625,0.096515894,0.07539386,1.031917,-0.42152822,153.62035,139.00632546254448
630,105.85246255338701,126.53770526947353,0.09619932,0.08499702,0.97161126,-0.45179173,151.84988,139.00632546254448
631,116.68195619654499,155.098989513708,0.097301416,0.052643497,1.0392619,-0.39634645,154.1333,139.00632546254448
632,122.62024969914047,174.91210070244702,0.09865071,0.054571066,1.0329685,-0.34737608,146.20805,139.00632546254448
633,121.95620013501257,180.91270571226391,0.08347341,0.029676005,1.0694655,-0.35884842,146.7825,139.00632546254448
634,115.55069670672826,174.37784777954698,0.059331372,0.0035495376,0.9555374,-0.38294917,137.926,139.00632546254448
635,108.85772562370828,160.38723483685283,0.09445485,0.009888343,0.9080564,-0.37248367,125.09126,139.00632546254448
636,107.58656621100984,144.75748909573545,0.06986363,0.011332483,0.7613038,-0.3461225,108.213326,139.00632546254448
637,113.06406331928771,130.7048255050518,-0.0149889365,0.019900287,0.7482358,-0.36946696,109.379456,139.00632546254448
638,121.10526523587026,120.91599224194267,0.031037377,0.054256905,0.7588621,-0.34699035,106.07415,139.00632546254448
639,127.5797113065785,120.74087007715428,0.08843503,0.04390928,0.68669677,-0.2966698,92.77826,139.00632546254448
640,134.4123718993614,132.6491410956926,0.10371069,0.04096875,0.6165183,-0.32039076,83.43079,139.00632546254448
641,144.58460993930677,148.9484301103555,0.11496172,0.06275929,0.5392671,-0.3026826,72.696526,139.00632546254448
642,155.03453605900845,155.10619181551354,0.108652994,0.044855066,0.48934838,-0.307289,65.72054,139.00632546254448
643,159.90391573834285,145.1668154471389,0.117567234,0.04167172,0.46186316,-0.32246476,64.698906,139.00632546254448
644,157.655835337797,131.21649020704504,0.12347113,0.035820518,0.43061987,-0.31582126,62.215103,139.00632546254448
645,152.69241462475006,128.93367642182076,0.11077157,0.029233411,0.37379432,-0.34914273,60.456703,139.00632546254448
646,150.82158693335316,138.67680363256503,0.102689385,0.012463777,0.36396065,-0.40024155,63.512836,139.00632546254448
647,153.8133907083878,148.950877257884,0.089529224,-0.0069355173,0.30436495,-0.45194453,64.984665,139.00632546254448
648,158.95257817557942,152.87564095440976,0.06607611,-0.0074193855,0.23524424,-0.47688898,65.365875,139.00632546254448
649,162.9647858629386,153.5789830793807,0.09070509,-0.0015343715,0.18042795,-0.47220045,64.066864,139.00632546254448
650,164.8158216458153,155.80228896841624,0.08504752,-0.009375275,0.11150264,-0.47024918,63.237385,139.00632546254448
651,165.16040360440678,159.81466986851547,0.09435517,-0.0039967424,0.10564924,-0.4731818,60.878773,139.00632546254448
652,164.7684853126166,163.84115145790267,-0.004158544,0.009510293,-0.0004891372,-0.47812742,65.57308,139.00632546254448
653,164.19834959352167,166.86781350211322,0.06652046,0.0030173704,0.06475667,-0.5647679,76.5182,139.00632546254448
654,164.71761736432663,168.7095746478025,0.07556247,0.0025998035,0.06623638,-0.58903617,76.55603,139.00632546254448
655,167.8240163565969,170.12556395643765,0.10557986,-0.011609983,0.078883685,-0.5666413,70.26724,139.00632546254448
656,172.37054578677612,172.33999406016562,0.10489929,-0.012286607,0.081386015,-0.53648907,69.131645,139.00632546254448
657,174.76915297643345,175.32268930541264,0.097628094,-0.0062386943,0.074039735,-0.55989325,75.14805,139.00632546254448
658,173.82554676603363,177.55870937503644,0.09942394,-0.015627362,0.080033645,-0.5590052,73.58682,139.00632546254448
659,172.39765949118487,177.99917039557326,0.09800307,-0.019926852,0.08265584,-0.58928514,78.20796,139.00632546254448
660,173.16270544940116,177.0078027123202,0.11226181,-0.018083805,0.079890504,-0.5495423,73.251854,139.00632546254448
661,175.3248713165785,175.3208675982077,0.12186146,-0.029712448,0.08821593,-0.53959626,72.99382,139.00632546254448
662,176.4187475524341,173.2987576538024,0.13283631,-0.021946408,0.11057398,-0.5182696,71.707726,139.00632546254448
663,175.46304647845184,170.10248697314753,0.13571142,-0.011526996,0.07698334,-0.514351,73.86683,139.00632546254448
664,173.6984320261722,163.67403852843353,0.13127668,-0.03070675,0.079168215,-0.5495206,78.277145,139.00632546254448
665,173.21068187585564,154.56909562656367,0.13822824,-0.013930749,0.06352899,-0.60757995,84.79517,139.00632546254448
666,174.74418989931226,147.29236172545654,0.13684732,-0.03696608,0.00118596,-0.61433357,87.1907,139.00632546254448
667,176.94698336851036,144.10600597305796,0.15797418,-0.029411677,-0.042951863,-0.65550244,96.11409,139.00632546254448
668,177.92335997005523,142.1030507666587,0.12674624,-0.029015187,-0.03274014,-0.6610623,94.52888,139.00632546254448
669,177.0250526256948,139.0206826618969,0.14100762,-0.03437967,0.008779881,-0.6349253,92.65783,139.00632546254448
670,175.3361392510875,136.8689389185826,0.14583927,-0.03190281,0.017242745,-0.6748085,95.52921,139.00632546254448
671,174.43872177572445,138.50683413719014,0.1516479,-0.033597007,0.06490288,-0.6986299,95.54974,139.00632546254448
672,174.6629593027149,144.45584785323993,0.14103703,-0.033745855,0.050665215,-0.69783956,95.911644,139.00632546254448
673,175.14634412362068,153.31231817113914,0.14870472,-0.032042656,0.10275745,-0.74675184,103.00835,139.00632546254448
674,174.94456304323626,162.84258428278255,0.1572778,-0.03106065,0.098903626,-0.76568055,104.84298,139.00632546254448
675,173.34888652248154,170.64291780601485,0.18819399,-0.027257761,0.19638726,-0.78848726,108.700645,139.00632546254448
676,170.8663884914546,174.93117699901376,0.18413028,-0.01143896,0.21946013,-0.8303342,113.70475,139.00632546254448
677,169.38847066546316,175.0223334463757,0.19106382,0.0010241584,0.32809776,-0.92118824,125.01155,139.00632546254448
678,169.2844188284113,171.42299748969478,0.178276,-0.008125649,0.38598543,-1.0190507,133.96664,139.00632546254448
679,169.40155537499197,166.17493914454695,0.20257436,0.006351758,0.4332671,-1.0780417,144.8315,139.00632546254448
680,170.1055843813592,162.4986328842029,0.23242533,0.011540827,0.5198382,-1.1319,152.0457,139.00632546254448
681,171.38646424886892,162.69472514646728,-0.17351021,0.0062312298,-0.13420668,-1.0904951,165.82086,139.00632546254448
682,170.10802118290397,166.182824743757,-0.26532707,-0.022578467,-0.2799173,-1.0718682,161.11086,139.00632546254448
683,164.79239680557296,169.82974426941118,-0.27226102,-0.031232769,-0.32443362,-1.062743,158.91008,139.00632546254448
684,160.4413324039692,170.78063757055693,0.20753379,0.008551339,0.44125792,-1.0583035,152.33269,139.00632546254448
685,162.49971574065313,169.37097360513545,0.26507986,0.023207013,0.5409304,-1.101055,152.00777,139.00632546254448
686,169.02611385789592,167.25669447385428,0.27078527,0.018938698,0.53445834,-1.1832179,155.96066,139.00632546254448
687,173.72105462505317,162.4845394516002,0.2725943,0.02766567,0.47387117,-1.1992213,156.66147,139.00632546254448
688,173.38453822485098,151.3885470377408,0.25227448,0.030081058,0.44056857,-1.2108312,156.3837,139.00632546254448
689,170.23877770639922,137.67167319542554,-0.035660032,0.052060835,-0.2710158,-1.1562761,162.42215,139.00632546254448
690,168.63370763067752,133.219593734443,0.15909736,0.045360666,0.08895622,-1.1310294,159.2832,139.00632546254448
691,170.04251009834243,144.24707732679974,0.18193048,0.004751524,0.09617605,-1.2421807,173.19504,139.00632546254448
692,172.28386642621885,162.24600689864906,0.160127,0.015528788,0.067124195,-1.1661344,162.1885,139.00632546254448
693,173.2927092794094,174.12815641334737,0.21579643,-0.0689881,0.052268304,-1.1778318,163.4367,139.00632546254448
694,173.14531808111684,175.498047772019,-0.19044296,0.06119835,-0.74761456,-0.9796416,157.23187,139.00632546254448
695,172.58186499985788,170.63135689611698,0.012921739,-0.030155482,-0.19807069,-1.0956361,157.21008,139.00632546254448
696,171.873592168325,165.3655881615961,0.10727296,-0.053166665,-0.11079659,-1.129769,159.9562,139.00632546254448
697,171.17629644415143,162.77870415299586,0.12438003,-0.034552667,-0.19426298,-1.1277549,164.22054,139.00632546254448
698,170.8679976441277,162.56839655595672,0.191823,-0.08030785,-0.2663027,-1.0708209,159.83745,139.00632546254448
699,171.4229269788852,162.7083917000462,0.20641413,-0.15284856,-0.3357088,-0.9816643,153.4739,139.00632546254448
700,172.9141863106081,162.01831952602097,0.16335513,-0.13233773,-0.3858739,-1.0494916,158.24487,139.00632546254448
701,174.88882889089115,161.13870721147507,0.16239749,-0.1391716,-0.40279305,-1.1093693,163.52275,139.00632546254448
702,176.69628849394104,161.23586127693287,0.116048455,-0.13128042,-0.49824286,-1.1164457,165.04654,139.00632546254448
703,177.12682660593302,162.39131215490826,0.01308903,-0.03451271,-0.7168011,-0.9113506,158.95421,139.00632546254448
704,173.7124531256827,163.43735370637566,0.09894841,-0.09895939,-0.43440518,-1.0989058,157.52199,139.00632546254448
705,164.74074600168245,163.56662238586745,0.11213799,-0.10926574,-0.43548575,-1.1454058,160.4363,139.00632546254448
706,154.68753187706443,163.75515565088125,0.12323139,-0.1302499,-0.46084186,-1.1646193,161.8126,139.00632546254448
707,152.75580494836558,165.7473670203361,0.14271037,-0.15056995,-0.45567915,-1.1564676,159.7436,139.00632546254448
708,160.8130344142298,169.65842506370208,0.1037265,-0.11680038,-0.48795605,-1.0414635,152.76465,139.00632546254448
709,169.69901693896625,172.74260127243738,0.11128309,-0.055996764,-0.414434,-0.9441146,147.49724,139.00632546254448
710,170.9595412767953,171.1635652267183,0.104868114,-0.019203464,-0.40883526,-0.83053166,136.54607,139.00632546254448
711,165.25448247513236,163.48265495489142,0.10649798,-0.046571214,-0.47789273,-0.8586399,144.34392,139.00632546254448
712,157.66097213538555,151.18831878763046,0.04020497,-0.03347648,-0.7168529,-0.7843896,146.36372,139.00632546254448
713,150.32903852788138,136.7832302502219,-0.0008346946,-0.046955194,-0.7216543,-0.7422457,135.22823,139.00632546254448
714,143.52459764431404,123.36671573539347,-0.024533698,-0.0011431496,-0.8029187,-0.61734796,143.1157,139.00632546254448
715,140.06014917126132,113.42214883522543,0.04299094,0.035018314,-0.8055795,-0.5533474,143.51682,139.00632546254448
716,143.18478994472957,107.5365038534355,0.03368504,0.045566816,-0.80094457,-0.4439236,138.80247,139.00632546254448
717,152.14421194060188,107.01227355316772,0.08381414,-0.028888293,-0.7677978,-0.6391297,147.41698,139.00632546254448
718,162.4320689936754,113.53580539808215,0.11579598,-0.06424009,-0.7795033,-0.6587718,151.02307,139.00632546254448
719,169.43912526876778,123.41488319576737,0.17810038,-0.07860136,-0.7446701,-0.6539035,148.40045,139.00632546254448
720,171.88961068700863,128.9499835137562,0.14989552,-0.10765233,-0.71342415,-0.69800925,151.72954,139.00632546254448
721,171.7912034236798,127.92438122391945,0.14243376,-0.09114461,-0.68814576,-0.65027714,143.07405,139.00632546254448
722,171.17264110391406,125.89856380193523,0.11405019,-0.10910284,-0.69755924,-0.63410705,140.35565,139.00632546254448
723,169.7305570238125,128.62740868783837,-0.011048177,0.027247004,-0.8995461,-0.42088014,140.0659,139.00632546254448
724,165.8162596811132,136.16685609020706,0.09963733,-0.05967825,-0.6829729,-0.55345434,134.84232,139.00632546254448
725,159.51994330783933,144.06449955486883,0.096981764,-0.100881465,-0.6279625,-0.6424775,133.49883,139.00632546254448
726,154.03054039983778,148.33225005158772,0.08944756,-0.11484844,-0.6290405,-0.67632765,133.69034,139.00632546254448
727,152.80935516708993,149.1338771359573,0.045477025,-0.034405794,-0.72608507,-0.59546787,129.81252,139.00632546254448
728,156.5795876378368,149.8100652370111,0.057583388,-0.061189786,-0.6048866,-0.73041594,134.72217,139.00632546254448
729,163.82541594515558,152.7665992853232,0.056125198,-0.06571387,-0.50146574,-0.7677197,130.50595,139.00632546254448
730,171.08026595612054,157.6739231138913,0.043547258,-0.10126127,-0.39032355,-0.82868487,130.26039,139.00632546254448
731,173.08098398157483,162.9984623555182,0.07803143,-0.10174075,-0.4084335,-0.811086,133.84349,139.00632546254448
732,167.86331250567702,166.72255838065692,0.09081618,-0.08667564,-0.41245943,-0.79151833,132.7491,139.00632546254448
733,160.50960594662195,166.24944116353524,0.08632524,-0.08609209,-0.42909536,-0.7482976,128.63995,139.00632546254448
734,156.42070962971698,159.65336434054132,0.07107637,-0.08926182,-0.45576125,-0.7089312,128.49405,139.00632546254448
735,153.8117586491858,146.96037721933095,0.1114157,-0.08863042,-0.503431,-0.65926975,124.39401,139.00632546254448
736,146.99435463462203,130.91028805161696,0.06907592,-0.07584985,-0.5538635,-0.6320568,128.62665,139.00632546254448
737,133.3233184470344,116.41955352662123,0.04367547,-0.0733596,-0.5799068,-0.5954273,123.539536,139.00632546254448
738,116.08628020107044,108.07245837322344,0.029543621,-0.07469989,-0.6733254,-0.5512005,121.546074,139.00632546254448
739,101.8651436680946,106.44580743248491,0.0433365,-0.08162773,-0.68805707,-0.5892105,122.38595,139.00632546254448
742,94.36763688313245,106.91999279149923,-0.057422243,-0.020985039,-0.16330859,-0.6198066,85.13948,139.00632546254448
743,93.95735704489164,107.24837735692321,-0.014616156,-0.052650742,-0.10450631,-0.7117152,90.46542,139.00632546254448
744,100.75646758612336,111.66959653615257,-0.28686225,-0.041487966,-0.5603545,-0.69390035,90.2934,139.00632546254448
745,113.12872219986134,121.30976110898243,-0.2700551,2.9857565e-05,-0.55684227,-0.6953546,94.907394,139.00632546254448
746,124.98321264680126,129.9975708652789,-0.20961328,0.020737836,-0.4293843,-0.9085982,125.05844,139.00632546254448
747,128.8579891034782,132.94924262043787,-0.18137066,0.006314875,-0.4316666,-1.0191364,141.35292,139.00632546254448
748,127.0721494409806,134.09526626755616,-0.008970442,-0.007852101,-0.103302784,-1.0779507,146.59335,139.00632546254448
750,130.53513327870223,139.99014249225507,-0.060128745,0.001226136,-0.74094576,-0.49076793,114.23486,139.00632546254448
751,138.16092821651137,146.51117752424145,-0.048823267,-0.0040755575,-0.72778165,-0.47599676,117.23513,139.00632546254448
752,136.8557407343208,142.47001153692736,0.0010577481,-0.009940813,-0.6754352,-0.48963267,118.902824,139.00632546254448
753,125.47458110131024,127.04278856225005,0.0314668,-0.015171155,-0.5747046,-0.46650866,112.68765,139.00632546254448
754,117.64876745171753,112.57887753545488,0.066203445,-0.00079759216,-0.5162171,-0.4024824,107.186295,139.00632546254448
755,122.45920612561483,110.1624273104867,0.07263994,-0.039916053,-0.4511083,-0.49263138,104.607216,139.00632546254448
756,135.87581363660865,119.0163473273268,0.068110816,-0.03298185,-0.43168902,-0.49204764,101.99145,139.00632546254448
757,148.32951068997562,130.557055274876,0.03201609,-0.021242341,-0.47471774,-0.47693288,99.78811,139.00632546254448
758,154.18704217998027,138.64154402007955,0.079799175,-0.065738454,-0.33923286,-0.6353934,93.726944,139.00632546254448
759,154.6521000250856,142.5752051661468,0.06275797,-0.06940852,-0.34418616,-0.62336403,94.696686,139.00632546254448
760,153.92122999196846,141.9630606270298,0.049551263,-0.087482885,-0.3374493,-0.62136227,91.500595,139.00632546254448
761,154.23678169878713,135.45022222786065,0.06187717,-0.09615739,-0.3307858,-0.6228771,93.7283,139.00632546254448
762,154.2417668275579,125.03652371391469,0.06443394,-0.06926362,-0.34568518,-0.5926913,94.55816,139.00632546254448
763,150.223155785063,115.26576962457231,0.1021559,-0.05621016,-0.33676347,-0.5555114,96.07036,139.00632546254448
764,139.34443443424308,108.29200373765387,0.100997604,-0.064080484,-0.38799116,-0.5279459,99.05805,139.00632546254448
765,123.04012535285906,102.97081983435626,0.08545016,-0.059312712,-0.44937348,-0.5099042,102.45888,139.00632546254448
766,107.37134549531542,98.60371975080119,0.04997893,-0.027978076,-0.4861356,-0.4577402,100.97268,139.00632546254448
767,99.09264340131651,97.82979863200285,0.054964703,-0.042941764,-0.49010798,-0.4647769,102.7204,139.00632546254448
768,100.33710064148339,102.85846743070377,-0.0065269517,-0.008356606,-0.55442995,-0.3685844,97.905205,139.00632546254448
769,108.10111957144962,110.28539270476303,-0.0087904185,0.013658739,-0.5346274,-0.33692527,91.511246,139.00632546254448
770,119.52639639427262,114.80189158879851,0.0011460036,0.035490766,-0.58065766,-0.2888109,90.990715,139.00632546254448
772,133.57428077380206,117.5513283750094,-0.053410795,0.022975177,-0.6348469,-0.31550798,97.13723,139.00632546254448
773,145.7612864104021,126.14919714662908,-0.10619634,0.041254375,-0.65609455,-0.25843763,93.24578,139.00632546254448
774,148.56830407497284,144.64981403176407,-0.09820153,0.060816348,-0.7265944,-0.26098585,104.90902,139.00632546254448
775,140.29953276027777,165.6962788372424,-0.049858183,0.060060248,-0.66999936,-0.26873478,98.59899,139.00632546254448
776,127.81102206421536,175.45858655845095,-0.0471912,0.053874683,-0.6279055,-0.2650445,92.802505,139.00632546254448
777,119.77602904803486,166.85585058217814,-0.055935074,0.026188817,-0.65348375,-0.28340054,93.37652,139.00632546254448
778,120.53312136728015,147.0141723620111,-0.073497035,0.044433765,-0.6954147,-0.22118242,90.12393,139.00632546254448
779,129.1242671608976,131.11004369804357,0.007693592,-0.046627417,-0.57118666,-0.40853623,96.00742,139.00632546254448
781,141.13798299613495,128.44496196670528,0.03212586,-0.038203415,-0.5957076,-0.298211,100.100845,139.00632546254448
782,151.16948959594603,134.4019598624222,-0.01771827,0.03781856,-0.73926276,-0.1815351,100.45679,139.00632546254448
783,156.44377792711973,134.8649193357352,-0.03400206,0.08632503,-0.7382762,-0.16068046,98.18853,139.00632546254448
784,158.6156375919758,119.53459872366793,-0.040450852,0.064716496,-0.74661654,-0.21296611,100.19423,139.00632546254448
785,159.99374197081002,96.57184303396123,-0.02564677,-0.0068325526,-0.6203748,-0.46049848,102.06149,139.00632546254448
786,160.34423730276166,90.13206979222565,-0.01888008,0.043257684,-0.62264264,-0.21181396,90.13181,139.00632546254448
787,159.62439017252953,113.46212484785784,-0.039450627,0.100128226,-0.6496611,-0.16004533,88.294586,139.00632546254448
788,159.36972264730434,150.15260573089162,-0.054879084,0.024664324,-0.6156494,-0.26358238,88.34524,139.00632546254448
789,158.4781964306334,171.06414490810064,-0.053102117,0.016076103,-0.6253026,-0.26627812,90.9762,139.00632546254448
790,153.23656607204276,164.78616973547193,-0.038415708,0.019455716,-0.6316491,-0.22020175,92.06792,139.00632546254448
791,143.5211304318533,143.88129611926,-0.026076632,0.030270303,-0.58307964,-0.19024472,90.33829,139.00632546254448
792,132.74830520559638,124.80957610348457,-0.027632298,0.030423323,-0.5752578,-0.19828409,87.4797,139.00632546254448
793,122.64248511826962,112.67224994584448,-0.0011582979,0.013887061,-0.55164045,-0.23012741,90.110374,139.00632546254448
797,115.2416249882537,106.0099499765256,0.041674137,-0.021944651,-0.6759968,-0.40381324,111.751045,139.00632546254448
798,117.588973469943,104.4510968946973,0.024218436,-0.01628313,-0.6971285,-0.38574788,112.88251,139.00632546254448
799,134.34582794709448,107.00305906727037,0.041645158,-0.020690195,-0.7584972,-0.41860548,123.34351,139.00632546254448
800,156.88531064150834,109.41408044353982,0.03357439,-0.025802644,-0.78781646,-0.43087432,127.08575,139.00632546254448
801,169.42096450925052,107.84301019458381,0.003674676,-0.025990352,-0.76147854,-0.42100835,119.62617,139.00632546254448
802,164.36534543907612,103.89040982129126,-0.00056861097,-0.025176514,-0.7565784,-0.31827176,114.23593,139.00632546254448
803,147.6984328202736,103.8103349271192,-0.01069779,-0.017849555,-0.7541459,-0.23805283,113.47011,139.00632546254448
804,132.7189498815892,112.28291907469908,0.0031697317,-0.05009748,-0.72039765,-0.2798541,112.35035,139.00632546254448
805,128.3769024135438,126.55675154041445,-0.021872861,-0.052625496,-0.78900546,-0.2981042,116.93342,139.00632546254448
806,132.38765130356953,137.9025494679385,-0.012362788,-0.04779318,-0.7569591,-0.34960705,116.155815,139.00632546254448
807,137.57829061427572,141.16172714909678,-0.042892147,-0.063944586,-0.7489063,-0.39925426,113.150375,139.00632546254448
808,141.60742840631153,140.45847586178544,-0.058110286,-0.042771403,-0.7484343,-0.37127927,108.22609,139.00632546254448
809,146.35519444806954,143.06785191394405,-0.006674922,-0.048220627,-0.7171243,-0.44520965,116.30609,139.00632546254448
810,151.89218177130908,151.02973412162427,-0.046054855,0.029479297,-0.75242335,-0.31477338,112.86767,139.00632546254448
811,155.16082808935863,160.79404568372806,-0.060664427,0.06903508,-0.7724301,-0.26205325,111.36332,139.00632546254448
812,153.67925379222365,167.8915651506768,-0.091972716,0.05173943,-0.678017,-0.27391067,101.48953,139.00632546254448
813,148.27259503593288,170.17098919237426,-0.046700306,0.030865258,-0.5996545,-0.29093388,90.89606,139.00632546254448
814,141.7385021876996,168.3897864649829,-0.03885523,0.016183458,-0.7718352,-0.31606385,117.016106,139.00632546254448
815,138.02173305144603,164.60212945225507,-0.023953231,0.028778302,-0.84774977,-0.31102207,122.18715,139.00632546254448
816,140.9919532852227,159.3232688483318,-0.009518417,0.021115007,-0.7737333,-0.3049386,110.64123,139.00632546254448
817,147.1817450389546,148.9767752822679,3.556563e-05,0.025085185,-0.72457284,-0.30594432,101.182915,139.00632546254448
836,145.84660597659825,130.92348588851308,-0.0182197,-0.022225225,0.17271723,-0.29094264,46.46536,139.00632546254448
837,136.3154109303223,115.16340151150528,-0.014127019,-0.025260378,0.16999492,-0.27706042,43.87154,139.00632546254448
838,133.312571144409,117.8888858494726,-0.017020129,-0.027143162,0.14761668,-0.26485834,40.060192,139.00632546254448
839,145.28043800802948,139.6550891226752,-0.026710227,-0.03962055,0.11928273,-0.2890298,43.30081,139.00632546254448
840,161.44297698804658,164.56809172307342,-0.037930086,-0.026281023,0.12036595,-0.3393635,49.10234,139.00632546254448
841,167.32022348607836,178.91081342129024,-0.041268863,-0.030690504,0.09811635,-0.3012804,42.284687,139.00632546254448
855,162.99553389579495,180.98541558388777,0.1149519,0.006890072,0.2270119,-0.87379634,123.858315,139.00632546254448
856,159.67781966653578,177.10908994451694,0.10389593,-0.002914186,0.21640094,-0.8576531,120.38803,139.00632546254448
857,163.67927240873144,173.77124433262887,0.1319784,-0.0078073144,0.2428661,-0.8245074,114.98488,139.00632546254448
858,170.95857762627367,173.395704233274,0.12857223,-0.0071223467,0.26778927,-0.8240376,113.19266,139.00632546254448
859,175.03054774944232,175.0529702925827,0.13208997,-0.0059535108,0.2837911,-0.8200701,112.74615,139.00632546254448
860,174.4592520486035,176.95850037986594,0.13299064,-0.0025209885,0.2814642,-0.8058904,110.906494,139.00632546254448
861,172.45536855156968,178.0442288195691,0.1368959,-0.0018085781,0.28758976,-0.8056533,110.42737,139.00632546254448
862,172.1042555663245,178.2617580251345,0.13605851,0.0017100042,0.28256452,-0.8061189,110.61986,139.00632546254448
863,173.44272006881476,178.20416650103553,0.14338394,-0.0029995877,0.3080373,-0.7999911,110.21053,139.00632546254448
864,174.5423422951,178.41411896615853,0.14216405,0.0006129583,0.30357283,-0.7946894,110.41604,139.00632546254448
865,173.8584976124719,178.86437178802234,0.13958703,0.002829663,0.31175914,-0.8051424,111.21044,139.00632546254448
866,171.20815870920433,179.16944266948644,0.12787831,0.0032961874,0.2871557,-0.78585726,108.52284,139.00632546254448
867,168.016400964232,179.11486632061494,0.14374584,0.013205167,0.29956645,-0.77493995,106.81691,139.00632546254448
868,166.6392029240538,178.66918438215907,0.13485998,0.003004637,0.30141926,-0.7733037,107.41203,139.00632546254448
869,168.079874041478,177.73148836463804,0.13774788,0.0057484596,0.30762678,-0.76388234,106.95349,139.00632546254448
870,170.59047259980025,176.32365196411993,0.13865529,0.00323757,0.3200737,-0.77379304,108.23338,139.00632546254448
871,171.27614248981473,174.9172207827454,0.13628036,0.0018549012,0.32288828,-0.73938066,103.747696,139.00632546254448
872,169.2435666020914,174.22524400683096,0.12542999,-0.00094402593,0.29562128,-0.7523239,103.77419,139.00632546254448
873,166.6610793636355,174.64083250837143,0.14498,0.0033106771,0.3094393,-0.75682867,105.58917,139.00632546254448
874,166.02613826190273,175.89991437854897,0.15095766,0.012510539,0.31403497,-0.7535057,105.61438,139.00632546254448
875,167.41196934863495,177.19000513490516,0.14655168,0.019862305,0.28459626,-0.7266767,103.50667,139.00632546254448
876,169.24437936193414,177.64683343555888,0.12949643,0.0045657926,0.29134616,-0.7387122,103.85257,139.00632546254448
877,170.29749896807044,177.12662608042086,0.1252403,0.0036178147,0.26961172,-0.7620331,105.033325,139.00632546254448
878,170.3894547769229,176.54294878808255,0.08668332,0.0010500642,0.19340852,-0.7742701,105.79799,139.00632546254448
879,170.25378625140493,176.73290836175585,0.14597638,0.007759235,0.31642684,-0.74321604,104.330284,139.00632546254448
880,170.74195792731746,177.1392757157501,0.14799342,0.011087475,0.33142337,-0.7388239,106.207664,139.00632546254448
881,171.7886528449939,176.92218282226207,0.117318496,0.0033332899,0.2981897,-0.7496552,106.00859,139.00632546254448
882,172.42618593037034,176.59181055295696,0.12893397,0.007470758,0.2808014,-0.773433,109.46241,139.00632546254448
883,171.62035497646357,176.90855501674918,0.13115682,0.016555581,0.29375562,-0.74915266,107.9893,139.00632546254448
884,169.276408061328,177.50224639796778,0.13907896,0.020174494,0.29292533,-0.7452795,108.695175,139.00632546254448
885,167.35538683137156,177.610085536112,0.14859408,0.020923566,0.31727353,-0.7255913,105.17722,139.00632546254448
886,168.75462640725283,176.6943854557125,0.13888972,0.017005859,0.34794798,-0.7096783,103.02235,139.00632546254448
887,173.61620710260337,174.06865725659563,0.14061618,0.018559989,0.34801275,-0.69883126,101.68072,139.00632546254448
888,178.63461017790567,169.7678364953136,0.12748346,0.012121294,0.32984617,-0.7105106,102.52312,139.00632546254448
889,180.77638728442426,165.61637500020953,0.13183805,0.012471022,0.32576734,-0.71857303,104.08221,139.00632546254448
890,179.9767969710778,163.5583482715007,0.1365549,0.013850837,0.3387637,-0.6927445,100.37511,139.00632546254448
891,178.24493720322621,164.14447112910463,0.13608134,0.02082236,0.34924173,-0.6966964,100.4854,139.00632546254448
892,177.42904549072856,166.8805931854091,0.13837488,0.021410288,0.35550985,-0.70339066,101.2688,139.00632546254448
893,177.99484712854377,169.92364950685865,0.13723503,0.020040134,0.3470907,-0.7069042,101.57476,139.00632546254448
894,179.19721189786273,171.37755372791813,0.1353428,0.022187464,0.34389108,-0.7308234,102.89303,139.00632546254448
895,179.88011974992216,171.88559850645822,0.14763182,0.025502313,0.3516106,-0.7143686,100.924675,139.00632546254448
896,179.04635129075254,173.28494199534586,0.13815184,0.008503698,0.32301956,-0.7404013,103.62788,139.00632546254448
897,175.97073011049366,175.49924865053248,0.13476959,0.007745843,0.3014031,-0.75078845,106.33074,139.00632546254448
898,170.6030233453451,176.67061615223798,0.13439263,0.00019451325,0.31093207,-0.7581617,108.19966,139.00632546254448
899,164.7825790924868,175.75850951794965,0.107270546,-0.003280161,0.24904458,-0.7649325,106.91736,139.00632546254448
900,162.20701114491695,174.2222195262801,-0.12645096,-0.009819187,-0.23631307,-0.7946727,109.60798,139.00632546254448
901,164.96490527163562,174.32078154123568,-0.15199587,-0.009881976,-0.2681182,-0.78500193,108.71817,139.00632546254448
902,170.61324096825027,176.12402925251678,-0.15271892,-0.007180964,-0.2547339,-0.80839336,112.39444,139.00632546254448
903,174.64407545557714,177.71579681757018,-0.13741384,-0.0059019187,-0.255621,-0.8014618,108.041115,139.00632546254448
904,174.69765350436845,177.76319949015326,-0.13714403,-0.01574328,-0.21803212,-0.78351456,107.30845,139.00632546254448
905,171.492636918005,176.63850956572077,-0.13643837,-0.011446644,-0.23685364,-0.7721205,107.2705,139.00632546254448
906,167.69205177201593,175.47090108675,-0.13614781,-0.007409506,-0.2329001,-0.76911944,106.843796,139.00632546254448
907,166.3104562031227,174.6916313714828,-0.13628721,-0.0043278104,-0.22370997,-0.76302433,107.75817,139.00632546254448
908,168.32275243355696,173.81684282863367,-0.12670994,-0.007428606,-0.2286708,-0.7544659,107.1619,139.00632546254448
909,171.59403119357896,172.65134945077492,-0.13484266,-0.00627426,-0.24259911,-0.79507536,111.14157,139.00632546254448
910,173.25607906177865,171.43966590012732,-0.10485436,-0.001532176,-0.24071282,-0.78341466,109.79367,139.00632546254448
911,172.64391778197387,169.8739082324803,-0.031157317,-0.0074417787,-0.04663406,-0.77841055,107.06034,139.00632546254448
912,171.29682139401208,167.99837063738826,-0.108142115,-0.005349334,-0.18916194,-0.77540755,108.640236,139.00632546254448
913,171.0589315186121,167.3984525561566,-0.11630456,-0.0023837753,-0.19910848,-0.774824,108.297775,139.00632546254448
914,172.47010100480327,169.10106397659428,-0.11663486,-0.0024577605,-0.21706301,-0.77697927,108.39315,139.00632546254448
939,174.55167412330962,171.60421621381386,0.0771458,-0.005960097,0.08439098,-0.63376313,90.9071,139.00632546254448
940,176.1763154610016,173.19876239037092,0.0037962466,-0.0042621675,-0.057361268,-0.6140823,87.85662,139.00632546254448
941,177.09640017555637,174.44619071442202,0.038680695,-0.005976343,-0.014230478,-0.5850578,84.13135,139.00632546254448
942,177.46898439030534,176.4570692349932,0.025679646,-0.0057054292,-0.034994766,-0.5844953,81.41534,139.00632546254448
943,177.31454023537336,178.62820056257382,0.10265448,-0.0013049513,0.12114652,-0.60148954,84.89294,139.00632546254448
944,176.69287848506642,179.30786222588006,0.15491542,0.012876953,0.20349577,-0.6570392,92.42227,139.00632546254448
945,175.9217704243706,177.46912307128463,0.1550567,0.015453046,0.23965976,-0.6757687,94.96369,139.00632546254448
946,175.54158513811535,174.01927935816354,0.16360201,0.015369401,0.25855026,-0.6806774,95.775314,139.00632546254448
947,176.03168590804648,171.64961828160492,0.16123085,0.019598637,0.26066828,-0.67743915,96.734634,139.00632546254448
948,177.25669985173008,171.907893156996,0.15923929,0.01006661,0.25104383,-0.68587196,97.450356,139.00632546254448
949,178.4627260057106,173.47232013806757,0.16289343,0.013366749,0.28723088,-0.6909873,98.0469,139.00632546254448
950,179.05244586642067,174.40339083459696,0.15918693,0.009775718,0.29012826,-0.6753329,96.33189,139.00632546254448
951,178.98946793170873,173.9652566112075,0.1561835,0.006078649,0.30191487,-0.6871949,97.35755,139.00632546254448
952,178.58888480399426,171.90372926162493,0.15797275,0.0017673044,0.31926167,-0.70312434,99.461105,139.00632546254448
953,178.26558203219724,168.02022676188227,0.16184172,0.011734023,0.3174958,-0.6807154,99.04302,139.00632546254448
954,178.28786540655435,163.5858593599169,0.15602235,0.01438959,0.33138812,-0.6644472,96.32852,139.00632546254448
955,178.53080497910258,161.8358985564423,0.15673624,0.0160491,0.3587859,-0.65863276,94.97272,139.00632546254448
956,178.58634381884,164.83702929955192,0.15114284,0.013733382,0.34613097,-0.64705044,94.1857,139.00632546254448
957,178.20281686118503,170.81169923638024,-0.061634578,-0.0010750919,-0.075365596,-0.65595764,94.63536,139.00632546254448
958,177.5067959884402,175.82154802433578,-0.072417766,-0.014316483,-0.0947172,-0.67470723,90.177376,139.00632546254448
959,176.89284428527074,177.10650559671043,-0.10269822,-0.016215513,-0.17457943,-0.6804098,90.31069,139.00632546254448
960,176.5942614132387,174.95098408247512,-0.13235672,-0.016189167,-0.20698927,-0.688308,91.2166,139.00632546254448
961,176.38881468712665,171.96785118632985,0.09238847,0.019730581,0.1674264,-0.6692108,95.23903,139.00632546254448
962,176.25469933245674,170.69888905694864,-0.045201443,-0.004455144,-0.046644542,-0.69084173,92.46166,139.00632546254448
963,176.7492617261842,171.94535392688124,-0.11125381,-0.011047079,-0.14187206,-0.74102896,97.098694,139.00632546254448
964,177.9908428145901,174.45770330966656,-0.11156932,-0.016868645,-0.12641123,-0.8036519,103.13903,139.00632546254448
965,178.8939798057204,176.02220038726875,-0.12482554,-0.041583683,-0.08890518,-0.83963734,105.990166,139.00632546254448
966,177.98760065732452,175.65279501218558,-0.07747964,-0.015527471,-0.018042807,-0.7617883,100.236496,139.00632546254448
976,173.64719031089385,172.99970960092804,-0.0084101735,0.02504918,1.0615348,-0.026222626,150.42833,139.00632546254448
977,162.86218928100268,165.10990178188652,-0.007778774,0.052459963,1.0382217,0.05703322,147.72586,139.00632546254448
978,145.88606763853232,150.47725216777923,-0.0049163993,0.07922771,0.9565657,0.08952198,138.4396,139.00632546254448
979,133.36778693109102,137.45018794139858,-0.014339535,0.061414815,0.80624825,0.10627383,127.17227,139.00632546254448
980,137.68258897232317,138.27476807185047,-0.026943378,0.0599204,0.73531014,0.106663294,116.69751,139.00632546254448
981,156.71711045432593,153.6247814650451,-0.045769013,0.082319506,0.63916355,0.16355579,110.3016,139.00632546254448
982,176.10012716493674,171.7695625517545,-0.06479223,0.0802635,0.5032642,0.16745198,90.864716,139.00632546254448
983,184.90530525275204,182.08788570561515,-0.03891714,0.059330713,0.61117774,0.13389318,95.736595,139.00632546254448
984,182.99276557718954,183.0584919096173,-0.05479961,0.044160657,0.6855451,0.08572876,105.78974,139.00632546254448
985,176.58941810589337,179.00682669723332,-0.062156864,0.07545753,0.57924557,0.12589486,96.01188,139.00632546254448
986,170.47744165206245,173.57678071708042,-0.023201084,0.046670888,0.59410846,0.04079619,93.28171,139.00632546254448
987,164.04490704929665,166.06994306742516,-0.034461338,0.023367716,0.5043101,-0.03231862,84.15473,139.00632546254448
988,156.0397462678747,155.17497442144972,-0.028197836,-0.0064538443,0.53171843,-0.11860896,87.62493,139.00632546254448
989,150.50094329948328,145.80982984384792,-0.025839088,0.012995066,0.590191,-0.111997485,94.67671,139.00632546254448
990,152.17436357943137,145.60146440139832,-0.01653231,0.017045377,0.5901374,-0.084743455,92.05753,139.00632546254448
991,159.4701562455586,154.87267266549676,-0.013841616,0.035905696,0.61460394,-0.06816065,90.6771,139.00632546254448
992,167.2721745188992,166.78799185608716,-0.013252368,0.012072336,0.62326264,-0.08883855,90.54765,139.00632546254448
993,172.75386679370922,175.36224841859132,-0.020317635,0.02672296,0.5801698,-0.18750924,89.73891,139.00632546254448
994,175.49424584340997,178.89778221992688,-0.022248715,0.0015716935,0.55759966,-0.22542879,86.58029,139.00632546254448
995,175.83384620472745,178.5078166049388,-0.024744896,0.0016037464,0.5581512,-0.24156022,86.000824,139.00632546254448
996,175.10144999667358,176.11301393651775,-0.03959289,-0.013127669,0.54671836,-0.3297634,87.80864,139.00632546254448
997,174.97152689567625,173.0183650851441,-0.012422943,-0.00806308,0.6276104,-0.33341634,93.019875,139.00632546254448
998,175.60097474560718,170.07306162125582,-0.018180622,-0.005361409,0.57248896,-0.32643428,88.59584,139.00632546254448
999,173.87177025831545,168.086697783383,-0.028697511,-0.038691234,0.48384097,-0.31470424,77.22663,139.00632546254448
1000,163.98673257802963,166.86144399788077,-0.0045076143,0.01552791,0.4693618,-0.2445418,72.85516,139.00632546254448
1001,146.91622917667112,165.65936441708152,0.017470188,0.07853571,0.34549022,0.034875393,44.845882,139.00632546254448
1003,136.73650511557219,165.30710739422366,-0.097253114,0.0071080765,-0.19994514,-0.5207157,76.0251,139.00632546254448
1004,145.07149329327132,167.57036631340037,-0.11418543,-0.0066279406,-0.17941016,-0.40151992,56.051456,139.00632546254448
1005,165.03327244130944,172.00220444286404,-0.11595098,-0.019589856,-0.13506334,-0.37878603,52.450195,139.00632546254448
1006,180.15592383193726,175.5314375067123,-0.114751406,-0.02088866,-0.1095193,-0.4263847,59.181488,139.00632546254448
1007,181.99543650992413,175.75065076623315,-0.115098715,-0.03239568,-0.09409085,-0.4328989,60.407333,139.00632546254448
1008,174.75314765920433,172.9522630162116,-0.11980743,-0.040646683,-0.072958715,-0.46460807,64.574936,139.00632546254448
1009,167.81280603051044,168.9510886387319,-0.12314138,-0.038210876,-0.053113975,-0.4704784,67.1032,139.00632546254448
1010,166.74066817894342,165.34374290137265,-0.12955153,-0.03146658,-0.06229869,-0.39752978,59.12625,139.00632546254448
1011,170.3792997073482,162.8335171789215,-0.13802099,-0.055543195,-0.0399705,-0.45887586,64.84539,139.00632546254448
1012,174.36769983358457,161.41983664518773,-0.11647832,-0.042587426,0.08203981,-0.63646734,87.63016,139.00632546254448
1013,176.15531554753335,160.72211434456423,-0.11364667,-0.08011904,0.28344795,-0.7268954,104.24047,139.00632546254448
1014,176.5388187557944,159.88772802975393,-0.10538711,-0.046063635,0.31431893,-0.6422224,102.90927,139.00632546254448
1015,177.20741949639546,157.89421368718104,-0.1054578,-0.056522127,0.3111382,-0.6608221,102.53023,139.00632546254448
1016,178.37995958946888,154.97046509426278,-0.108685926,-0.061965644,0.29911527,-0.7230309,105.44462,139.00632546254448
1017,179.22232277391404,153.03880555565138,-0.115474135,-0.06493362,0.26550445,-0.72083604,103.02772,139.00632546254448
1018,179.17613269318835,153.6714421238611,-0.11469696,-0.05781171,0.24449526,-0.67901933,98.34696,139.00632546254448
1019,178.10441319813185,156.22677643675414,-0.11983597,-0.054432318,0.09694005,-0.6238532,86.74602,139.00632546254448
1020,175.60785438450424,158.6050592044606,-0.13280776,-0.054142963,0.08220007,-0.5965031,84.82916,139.00632546254448
1021,170.9698573442364,159.64035740500216,-0.1306387,-0.05355723,0.05237368,-0.6067691,83.41493,139.00632546254448
1022,164.53316141715803,160.24250041371468,-0.12659168,-0.052888945,0.032390628,-0.60273224,82.06402,139.00632546254448
1023,158.20821963916006,161.70522212361527,-0.12584612,-0.05274339,0.028914856,-0.59907424,81.5891,139.00632546254448
1024,153.57589871903275,163.94063422290893,-0.13740233,-0.05013612,-0.016199486,-0.59329706,81.39931,139.00632546254448
1025,151.04385996166042,166.33972644324925,-0.1371358,-0.036498457,-0.04117314,-0.6098592,85.84566,139.00632546254448
1026,150.78771288132074,168.79179544317822,-0.13824184,-0.023008985,-0.06499026,-0.59033203,80.99014,139.00632546254448
1027,152.79202270504797,170.92231882547705,-0.13008063,-0.01872728,-0.09411017,-0.6870982,92.33251,139.00632546254448
1028,156.88185162602346,172.0010396055268,-0.1304218,-0.019727288,-0.11661618,-0.66395944,89.793655,139.00632546254448
1029,162.8885324547762,172.07417751495748,-0.11655208,-0.012548739,-0.13046482,-0.6681019,90.695465,139.00632546254448
1030,169.63300934035396,172.01189873804952,-0.10024897,0.019381072,-0.10931996,-0.6225007,87.69149,139.00632546254448
1031,174.79883267828782,172.6242079568653,-0.09806629,0.021562211,-0.19909024,-0.58758503,84.92845,139.00632546254448
1032,176.98704526867,173.98534326668135,-0.069644526,0.01802409,-0.15529095,-0.57984096,81.81192,139.00632546254448
1033,176.99287502840082,175.07657241107648,-0.113530315,0.021494813,-0.26408184,-0.5696963,81.373276,139.00632546254448
1034,176.20728905343043,174.77459358990546,-0.14058127,0.011913388,-0.26230794,-0.50907004,74.2493,139.00632546254448
1035,175.06585232383867,173.67276174898925,-0.14779978,0.021625001,-0.29334003,-0.51394826,73.09282,139.00632546254448
1036,173.6940495308228,173.63905069759682,-0.14392708,0.02986964,-0.29955786,-0.45536816,67.5235,139.00632546254448
1037,172.53841490851048,175.36088347218916,-0.15502487,0.034782525,-0.32850698,-0.43969578,65.09041,139.00632546254448
1038,172.13902370031892,177.58935129966505,-0.14687069,0.031044843,-0.35936126,-0.52525693,73.49116,139.00632546254448
1039,172.7737708733372,178.58683570157206,-0.14721404,0.032560553,-0.3464123,-0.52085334,73.55287,139.00632546254448
1040,173.9859214398754,177.49494951625238,-0.13230063,0.0446847,-0.34165573,-0.56700945,81.87949,139.00632546254448
1041,174.9434038112256,174.96684878452254,-0.15879615,0.044395346,-0.41311148,-0.66454226,102.97625,139.00632546254448
1042,175.50962095675337,172.9545242071003,-0.17351417,0.04754839,-0.5080317,-0.70709807,115.87125,139.00632546254448
1043,176.1402271336453,173.08773960143571,-0.16334766,0.0503943,-0.52010036,-0.6879227,112.48912,139.00632546254448
1044,176.83009519088077,175.0048100406446,-0.12668213,0.024855765,-0.4129894,-0.7015244,105.62633,139.00632546254448
1045,176.86902493575025,176.85185753191553,-0.1543557,0.046245635,-0.4300126,-0.6185996,98.33657,139.00632546254448
1046,175.5773219973287,177.46144312870993,-0.15723653,0.035284836,-0.4467504,-0.7329643,112.25641,139.00632546254448
1047,173.18588336618382,177.35130398666104,-0.14339447,0.04247129,-0.37942204,-0.74335843,107.22035,139.00632546254448
1048,170.99800199994868,177.35518355203095,-0.1511996,0.035223585,-0.36624563,-0.6433651,94.46424,139.00632546254448
1049,170.2567472301578,177.20637892263252,-0.1319195,0.03642974,-0.28374654,-0.6969084,97.38073,139.00632546254448
1050,170.81383878226893,176.2993164474039,-0.004490051,0.013927896,-0.0065431977,-0.774541,105.75083,139.00632546254448
1051,171.36136412197783,175.22746585810097,-0.10047993,0.01697688,-0.21116324,-0.77689207,107.558876,139.00632546254448
1052,170.65566308266267,175.34831282855467,-0.11979207,0.012633482,-0.27096224,-0.73140407,102.89221,139.00632546254448
1053,168.85179712869754,176.8005435932167,-0.12567489,0.020760229,-0.28358495,-0.7536245,106.931946,139.00632546254448
1054,168.17446726219453,177.9112981048932,-0.1290343,0.007905229,-0.2912869,-0.84369886,117.044846,139.00632546254448
1055,170.56038468850133,177.11566587844052,-0.13840343,0.00027025488,-0.28243807,-0.8128966,113.74571,139.00632546254448
1056,174.67985586491685,174.65764802128754,-0.16470794,0.012257628,-0.3743186,-0.5577683,87.16896,139.00632546254448
1057,177.54156049757538,171.26585510299935,-0.18249296,0.0050665652,-0.4117547,-0.57733136,85.988525,139.00632546254448
1058,178.2403166541841,167.03205015829042,-0.18894789,0.0022571003,-0.4331977,-0.53366446,80.25733,139.00632546254448
1059,178.19862793902632,163.62590773492855,-0.18591954,0.0047528413,-0.3991245,-0.55333006,79.45686,139.00632546254448
1060,178.528595861295,164.11978642783538,-0.19373916,0.005940119,-0.37778866,-0.53846955,75.75513,139.00632546254448
1061,178.804784541442,168.16160822205768,-0.19157536,-0.031562958,-0.3408535,-0.61341053,86.5901,139.00632546254448
1062,178.34438791926732,171.1469252748149,-0.19172464,-0.03382489,-0.30537087,-0.7044399,98.97623,139.00632546254448
1063,177.40395035498892,169.8895413423595,-0.18617992,-0.019344628,-0.2625411,-0.7640931,108.68967,139.00632546254448
1064,176.57589453160534,166.13262502077674,-0.20028542,-0.052776102,-0.25756672,-0.6208,92.38995,139.00632546254448
1065,175.7253522312294,163.40352286800223,-0.1962753,-0.058478896,-0.25685674,-0.6351464,88.694756,139.00632546254448
1066,174.12083450979617,162.81528914576808,-0.19722942,-0.0539041,-0.21956551,-0.7111659,92.77933,139.00632546254448
1067,171.48067994448064,163.30682429438153,-0.19441797,-0.049264543,-0.18195112,-0.7463449,98.74774,139.00632546254448
1068,168.55732732977776,164.06349279436176,-0.18317221,-0.05121231,-0.11569762,-0.8379262,108.59148,139.00632546254448
1069,166.56067824483867,165.16265524157404,-0.19815369,-0.08050324,-0.11269738,-0.85622156,109.2033,139.00632546254448
1070,166.20473653965198,166.67781376876908,-0.20225866,-0.08162334,-0.11781927,-0.86120766,110.62412,139.00632546254448
1071,167.45782643986934,168.41484905391508,-0.20062351,-0.085266836,-0.09715125,-0.8435664,111.37821,139.00632546254448
1072,169.7397758625295,170.23624946889723,-0.2054982,-0.07642439,-0.09490051,-0.77791977,107.190025,139.00632546254448
1073,172.01616932518652,170.90189460138404,-0.20405099,-0.071436636,-0.005213658,-0.9996259,132.02014,139.00632546254448
1074,173.49398532153967,167.68902064881394,-0.21135776,-0.08654742,-0.0137458965,-0.95184577,125.509285,139.00632546254448
1075,174.51477669126243,160.0771264183366,-0.19394991,-0.08050829,-0.011882433,-0.9107982,120.567314,139.00632546254448
1076,175.95227437384898,152.28828486223765,-0.2099843,-0.119834654,-0.06903947,-0.8142934,105.7624,139.00632546254448
1077,177.85761859322696,149.23115081376076,-0.20355,-0.11592353,-0.040622972,-0.8750787,111.47926,139.00632546254448
1078,179.359470741543,151.14628222631669,-0.20343144,-0.10273593,-0.017925955,-0.81835854,110.18371,139.00632546254448
1079,179.65489121803904,154.29609941759185,-0.1981932,-0.09578922,0.008517309,-0.82407075,111.10632,139.00632546254448
1080,178.37718918355853,155.64736002384552,-0.19992977,-0.09120784,-0.0013321743,-0.8658655,117.49422,139.00632546254448
1081,175.0241704900879,155.2451436428253,-0.21369806,-0.103021555,0.011121064,-1.0255791,132.94185,139.00632546254448
1082,169.17317738211753,155.00451698988869,-0.19930144,-0.07067944,-0.030656694,-0.8666335,118.36011,139.00632546254448
1083,161.44671543370555,156.3396207253468,-0.19488867,-0.059407555,-0.05543101,-0.8015959,112.83704,139.00632546254448
1084,153.2810956488956,158.9949842097027,-0.1801241,-0.060241807,-0.052317042,-0.81600463,112.39445,139.00632546254448
1085,145.82124365284938,161.99753575523846,-0.18697949,-0.032038484,-0.044906657,-0.8099389,108.842896,139.00632546254448
1086,140.20143976810164,164.90197072955203,-0.18550813,-0.035049926,-0.06515448,-0.7787554,106.03021,139.00632546254448
1087,139.22049496818258,167.5709659599614,-0.1776771,-0.030769318,-0.09499448,-0.7317481,99.43394,139.00632546254448
1088,145.818413859231,169.599804260585,-0.17101711,-0.025968397,-0.1180454,-0.69578964,95.0002,139.00632546254448
1089,157.91990962104853,170.5790994925066,-0.16056037,-0.019925095,-0.14394069,-0.63684034,88.41414,139.00632546254448
1090,168.5177774685964,170.57079002426403,-0.15796453,-0.017878314,-0.1800152,-0.60345596,81.96322,139.00632546254448
1091,172.91357077443445,170.10673261816092,-0.14032485,-0.0002671813,-0.20267272,-0.56093276,78.209526,139.00632546254448
1092,172.70030304617242,169.91366877571866,-0.11653408,0.016896307,-0.22130603,-0.59891135,84.471664,139.00632546254448
1093,172.0258354500196,170.70449006911036,-0.076865666,0.007807973,-0.11422275,-0.60175747,83.304695,139.00632546254448
1094,173.01873011962994,172.77404665467705,-0.10855289,0.008171313,-0.16548029,-0.5408766,76.990685,139.00632546254448
1095,175.05807016724862,175.4225012695648,-0.11406117,0.007537718,-0.16768315,-0.5125418,72.39567,139.00632546254448
1096,176.2902110762912,177.36110110726406,-0.1179207,0.021560675,-0.17572056,-0.49387836,69.43379,139.00632546254448
1097,175.6708352643304,178.0035468526964,-0.097506024,0.028547345,-0.22090471,-0.4215166,61.561966,139.00632546254448
1098,174.05377318326987,177.5900892878138,-0.096747294,0.024544016,-0.19863008,-0.37465778,54.735462,139.00632546254448
1099,173.24258831798446,176.0653720847048,-0.08754019,0.016398828,-0.16411474,-0.33274764,48.54342,139.00632546254448
1100,174.0382050788173,173.32060271096995,-0.058188003,0.0126780495,-0.110847965,-0.32265183,45.652473,139.00632546254448
1101,175.03246479966325,170.80213505721136,-0.03778914,0.0011820083,-0.05847121,-0.32468346,44.09961,139.00632546254448
1102,174.1337169722503,170.74973775699078,0.042445164,4.3908184e-07,0.16014324,-0.31682214,43.230247,139.00632546254448
1103,171.96590758246657,173.06891448484245,-0.065212,-0.00018858565,-0.068114765,-0.27204105,38.056076,139.00632546254448
1104,171.42987243381108,175.01592938492442,-0.032947384,0.0025444792,-0.04960176,-0.2915249,38.700718,139.00632546254448
1105,173.026366883616,174.7839164824638,-0.04285307,0.0049903844,-0.03289645,-0.27174357,35.830986,139.00632546254448
1106,174.06084384287863,173.59841518053278,-0.023549715,0.004137468,-0.004007061,-0.25014734,32.317966,139.00632546254448
1107,173.14912397555585,173.43378134095425,-0.047906462,0.0132844215,-0.044969883,-0.2252593,29.57003,139.00632546254448
1108,172.17154675814677,174.15797426884458,-0.04648867,0.01001392,-0.038949195,-0.21582606,28.167759,139.00632546254448
1109,173.17382782532138,174.23780119335,-0.042296752,0.0098988805,-0.044864506,-0.1887288,25.223286,139.00632546254448
1110,175.6413339777244,173.05645713766907,-0.042621676,0.007059558,-0.0724766,-0.1632862,21.178007,139.00632546254448
1111,177.21840172349704,171.12681144674585,-0.04212156,-0.004994995,-0.050282337,-0.1582587,20.256645,139.00632546254448
1112,175.9162131533821,168.87865496749902,-0.04338392,-0.0019012244,-0.041640766,-0.2668274,36.2132,139.00632546254448
1113,172.0351102297797,164.8069309520371,-0.049688697,0.007723889,-0.06893365,-0.31030682,43.078506,139.00632546254448
1114,168.39122889250623,156.38943616193077,-0.050533928,0.004783138,-0.069665164,-0.30046898,40.88445,139.00632546254448
1115,167.78669910644166,146.39470181878204,-0.020977136,0.004692248,0.003191247,-0.29664677,41.86,139.00632546254448
1116,169.9422964321716,143.10475096693392,-0.044305112,-0.008858476,-0.017291043,-0.30779067,42.19372,139.00632546254448
1117,172.00612324711508,150.3808145846151,-0.049039733,-0.0074250936,-0.019961538,-0.3088561,43.019547,139.00632546254448
1118,172.43146315299154,162.47469521936563,-0.057092056,-0.0072079673,-0.004468536,-0.30419898,43.03037,139.00632546254448
1119,172.350931152856,169.71861269641585,-0.05751401,-0.010025117,-0.0049545993,-0.297483,41.45045,139.00632546254448
1120,172.98058485827772,168.1838274876964,-0.052980933,-0.016215073,0.020284263,-0.32202834,44.11358,139.00632546254448
1121,173.86649559614898,162.68268066013988,-0.064639874,-0.031147808,0.010083076,-0.32023644,43.275284,139.00632546254448
1122,173.84696499517557,158.40766164593313,-0.06666404,-0.033171095,0.04144274,-0.32196116,44.725037,139.00632546254448
1123,172.82310387963443,154.05975796946225,-0.06612353,-0.03004681,0.06536128,-0.31993392,45.938095,139.00632546254448
1124,172.13153712192175,146.2865629960561,-0.079351746,-0.036453012,0.060679793,-0.32544416,46.343914,139.00632546254448
1125,173.1087975216854,136.24296056260172,-0.076884106,-0.046298545,0.0657626,-0.32120943,46.07954,139.00632546254448
1126,175.53183708696812,129.1059064282368,-0.07575611,-0.053638898,0.09949902,-0.30566528,45.070408,139.00632546254448
1127,177.645243372311,128.97433803295306,-0.07930828,-0.05051944,0.14658132,-0.30688834,48.582664,139.00632546254448
1128,177.9775957835337,135.07072895670356,-0.07798972,-0.054361407,0.14435562,-0.30291575,49.76359,139.00632546254448
1129,176.48593985621662,142.3580450325482,-0.07526829,-0.05451223,0.19655542,-0.3248279,55.64642,139.00632546254448
1130,173.53742702677533,146.1369518780988,-0.07873089,-0.053018473,0.22384216,-0.34450516,57.867657,139.00632546254448
1131,168.91885996541953,145.80848008127603,-0.06512945,-0.045280535,0.23978698,-0.31290993,57.49184,139.00632546254448
1132,162.126820184618,143.4661148708186,-0.06791937,-0.04523575,0.27663738,-0.28137243,61.431087,139.00632546254448
1133,153.3844238409975,140.38859061354913,-0.061473653,-0.052203536,0.32267335,-0.3011131,65.89941,139.00632546254448
1134,144.71683632746007,136.78629154667797,-0.049733482,-0.051826145,0.43247366,-0.31328973,69.66069,139.00632546254448
1135,138.90071276377694,133.17242789147656,-0.023060579,-0.041197952,0.5204279,-0.30518207,78.12439,139.00632546254448
1136,135.87732545643263,129.80890278594825,-0.028615842,-0.04889725,0.5440053,-0.30753556,80.463684,139.00632546254448
1137,132.47113943495876,126.73392915647702,-0.020877903,-0.037040945,0.5597569,-0.282936,81.95951,139.00632546254448
1138,127.97215531378916,125.43795215753673,-0.01610157,-0.037326127,0.5871376,-0.27642375,83.056366,139.00632546254448
1139,126.29890428937428,127.65994029790399,-0.0055293576,-0.024935678,0.6347095,-0.27830786,87.65076,139.00632546254448
1140,130.2941083950132,132.39382272213538,-0.006999843,-0.053333294,0.5471386,-0.31497842,85.46383,139.00632546254448
1141,136.9678976987603,137.12309043471734,-0.01611562,-0.05861391,0.5349883,-0.37954628,86.51616,139.00632546254448
1142,139.8140520155903,141.23017096124394,-0.016487524,-0.051326253,0.49139363,-0.3666656,85.21671,139.00632546254448
1143,136.64880065844918,144.88042233767953,-0.031915102,0.021865178,0.5428202,-0.25876167,83.14494,139.00632546254448
1144,133.7613299133299,144.7578018801845,-0.07550275,-0.06293228,0.5130206,-0.47439215,92.47292,139.00632546254448
1145,137.76416850945336,136.96170849780214,-0.029318372,-0.077218466,0.51604235,-0.5084012,97.60627,139.00632546254448
1146,146.29091629330264,126.56456247815615,-0.026931524,-0.07102588,0.5502921,-0.53418696,102.06124,139.00632546254448
1147,151.3961838103438,124.79763696523456,-0.04726694,-0.052693773,0.6100318,-0.5551674,111.88241,139.00632546254448
1148,148.4879277069723,133.77874626557474,-0.044238813,-0.06980962,0.49132928,-0.50880015,95.36442,139.00632546254448
1149,139.49102053815886,143.5099393436424,-0.024992978,-0.061609548,0.62036383,-0.48161548,104.00944,139.00632546254448
1150,129.39974338520256,143.71248547277568,-0.028561395,-0.06513362,0.6020651,-0.48591146,100.065186,139.00632546254448
1151,120.91341302925181,132.88189905427177,-0.016300036,-0.05156577,0.6399447,-0.52790654,102.578705,139.00632546254448
1152,113.34482544088169,118.48836324650917,-0.042392034,-0.037101537,0.65772355,-0.54052866,113.3545,139.00632546254448
1153,106.65773386383309,110.38779299560012,-0.009579229,0.002998929,0.8199849,-0.46736068,125.244995,139.00632546254448
1154,103.80051629731916,112.46027214102251,0.0084356405,0.044573393,0.829743,-0.34406057,120.47311,139.00632546254448
1155,107.06631250904766,119.82740586921399,-0.0030582051,0.036996815,0.8354252,-0.38355446,125.21531,139.00632546254448
1156,114.0411087376013,124.20423296925662,0.019498307,0.03019061,0.8428286,-0.39445204,125.542175,139.00632546254448
1157,119.7393298743884,123.10828594074067,0.017376663,0.0047666724,0.800855,-0.3733605,121.054924,139.00632546254448
1158,121.27686605351101,122.50862071650538,0.029025944,-0.010201189,0.81481296,-0.38574767,119.12667,139.00632546254448
1159,119.99673226851148,129.16668992767578,0.034064848,-0.004594113,0.8548247,-0.33912224,117.17307,139.00632546254448
1160,120.30443344922163,142.62743655875533,0.03507298,-0.0059842463,0.8487689,-0.316389,112.42846,139.00632546254448
1161,123.6754735889695,154.43893115153932,0.025400007,-0.005680621,0.81891924,-0.33158758,114.917076,139.00632546254448
1162,125.37945899331321,154.92757043146648,0.042526834,0.015534057,0.8068555,-0.3253963,112.01269,139.00632546254448
1163,121.19961338681728,142.44545832790678,0.008559462,0.044906657,0.7699678,-0.35963285,112.17198,139.00632546254448
1164,113.04154118191065,125.05923331450387,0.031704783,0.042497415,0.7428571,-0.37741718,109.13912,139.00632546254448
1165,106.00866255493094,113.2569344759577,0.026738767,0.011648841,0.6063404,-0.4277377,99.69896,139.00632546254448
1166,103.61286709554228,111.54083766318428,-0.015186524,0.01597775,0.53695756,-0.41119838,91.966896,139.00632546254448
1167,105.36051572199136,115.99958406374306,-0.020079212,0.027251834,0.5020488,-0.38037485,89.53977,139.00632546254448
1168,108.82174368119317,120.52964981660719,0.007993046,0.0030790614,0.51728624,-0.39071786,86.84109,139.00632546254448
1169,114.20307657723919,124.59022947098305,-0.013248417,0.029529132,0.41373408,-0.35997882,80.738434,139.00632546254448
1170,123.3186144286601,131.71721859668023,-0.010230168,0.034201622,0.4668046,-0.40837553,86.84342,139.00632546254448
1171,134.59795988459317,141.76082039091804,0.020833116,0.025702754,0.4454977,-0.4381736,82.897194,139.00632546254448
1172,143.48529051697176,149.96364316593338,-0.028991256,0.019872624,0.30217656,-0.43933892,78.1714,139.00632546254448
1173,147.3818385299808,152.954891540883,-0.031640675,0.024051806,0.28554195,-0.55319154,86.02521,139.00632546254448
1174,147.8101482906629,151.36967356144314,-0.0023837753,0.0032803805,0.3415859,-0.62302154,94.75234,139.00632546254448
1175,148.40269100851924,148.1003032502603,0.0056786453,-0.01695295,0.3151747,-0.618582,89.46185,139.00632546254448
1176,151.56972724994495,145.95768146841317,0.013367408,-0.016513867,0.30543807,-0.5427921,86.19837,139.00632546254448
1177,156.30777144333436,145.90190950651146,0.0348429,-0.0059335325,0.33712617,-0.6041953,91.8574,139.00632546254448
1178,159.42800626198235,147.4960796993686,0.011365633,-0.012364325,0.25985786,-0.66128117,97.52458,139.00632546254448
1179,159.4785385905194,150.6381580582421,0.0015424945,0.023443457,0.2259142,-0.6616324,98.280876,139.00632546254448
1180,158.0910039800662,155.0824059113735,0.010396141,0.017678313,0.14202014,-0.717892,99.8991,139.00632546254448
1181,157.43269957254753,159.40093493425897,0.08159502,0.017085772,0.265331,-0.7226139,102.30163,139.00632546254448
1182,158.27100898305267,162.250036598098,-0.12437827,0.003965348,-0.063073665,-0.76400506,100.26891,139.00632546254448
1183,160.52881168683837,162.92760324478093,-0.1744099,0.008070983,-0.30046195,-0.74746305,99.865524,139.00632546254448
1184,164.37565665874794,161.27073013210074,-0.17530826,0.025618449,-0.3870423,-0.74752057,100.74202,139.00632546254448
1185,169.14774803022544,159.3857071105982,-0.10249751,0.03824798,-0.29642722,-0.7510339,102.58773,139.00632546254448
1186,171.88407616285812,160.69916534251402,-0.20758165,0.034601185,-0.4956233,-0.7138081,94.78439,139.00632546254448
1187,170.2269334566988,165.75627339904628,-0.005773487,0.030422224,-0.14096591,-0.77997595,105.60278,139.00632546254448
1188,165.90483043338884,171.56365199799677,-0.16645768,0.047805253,-0.15979461,-0.8645816,119.23511,139.00632546254448
1189,162.5694420073986,173.98289998320607,0.038874988,0.019171631,-0.0070538498,-0.95109344,140.12677,139.00632546254448
1190,162.05624698654924,170.26088293982494,0.1416838,0.0026726911,0.0023802626,-1.090851,156.68434,139.00632546254448
1191,163.26315088273296,163.16955810640994,-0.07671682,0.051909793,-0.64200705,-1.0988714,167.79749,139.00632546254448
1192,163.06359447040535,160.4934628199886,0.23739135,-0.045731034,-0.090945706,-1.1734687,163.40533,139.00632546254448
1193,161.15757762420162,166.16162835768537,0.31499907,-0.077326484,0.06508554,-1.2251499,165.60045,139.00632546254448
1194,162.14983563945276,175.66251936900684,0.29211938,-0.08928642,-0.05548282,-1.3522198,183.80595,139.00632546254448
1195,168.07416248301357,182.09204102133376,0.3270084,-0.10704069,-0.057346284,-1.377845,186.23943,139.00632546254448
1196,174.56459523336812,182.96231574279318,0.22875373,-0.11830884,-0.30564925,-1.4340091,190.2868,139.00632546254448
1197,177.38488558039464,180.42774295186825,0.32269135,-0.11847811,-0.3680801,-1.4285002,197.16158,139.00632546254448
1198,176.96562166031134,177.3665442865219,0.27151108,-0.1229528,-0.6899763,-1.2852302,208.31425,139.00632546254448
1199,176.0457024782334,174.79823684338092,-0.050009664,0.06310726,-1.1326398,-0.86872834,183.90843,139.00632546254448
1200,176.27501898086453,172.85484739952358,-0.12500133,0.122451805,-1.0962671,-0.4793911,136.15315,139.00632546254448
1201,177.3984250088323,172.12672296901476,-0.21037684,0.18423523,-1.1648397,-0.72849387,170.48236,139.00632546254448
1202,178.12096077355437,172.645815208075,0.020532785,-0.12016068,-0.517011,-1.0133065,168.7512,139.00632546254448
1203,176.59372623175202,173.56296465942066,0.14794599,-0.12893198,-0.43864363,-1.0785593,178.359,139.00632546254448
1204,171.6763498127942,174.61446500374703,0.09938266,-0.046706893,-0.4858357,-1.1350589,176.17482,139.00632546254448
1205,165.6324292160425,175.82750500561787,0.18119238,-0.10224218,-0.36706716,-1.1827232,179.90872,139.00632546254448
1206,162.90555707510455,176.21747956895967,0.21646428,-0.09753918,-0.30329755,-1.2269703,181.42099,139.00632546254448
1207,164.99673646131617,174.88342168494881,0.24754952,-0.099690236,-0.37621146,-1.3786138,193.3891,139.00632546254448
1208,169.5477563553719,172.99277224880652,0.22964068,-0.1232854,-0.4574337,-1.4052039,198.93459,139.00632546254448
1209,173.23860409685946,172.61665133902267,0.21040583,-0.123034246,-0.4891117,-1.3642131,194.13283,139.00632546254448
1210,173.8340844426163,173.69585502410362,0.20115481,-0.1224821,-0.41032198,-1.261587,177.9254,139.00632546254448
1211,172.02881467773454,173.97799432347628,-0.08385146,0.024366407,-0.79529667,-0.9563824,169.3848,139.00632546254448
1212,170.48013386348464,171.11055602062925,0.1326576,-0.058908317,-0.3806014,-1.1583388,166.99988,139.00632546254448
1213,169.45178439049627,164.26110325337086,0.04162496,-0.05253768,-0.52833974,-1.0580081,153.40973,139.00632546254448
1214,166.91957147474662,155.064883207862,-0.10953818,0.034267046,-0.7630597,-0.8116946,139.44783,139.00632546254448
1215,163.36050277759827,147.17093812436738,-0.12824395,0.036208663,-0.7660015,-0.86747426,144.7016,139.00632546254448
1216,162.26947794213007,145.79000151638306,0.08280337,-0.0708509,-0.34418485,-1.0511783,142.7283,139.00632546254448
1217,165.59107726944774,153.04101204006733,0.10732653,-0.0782839,-0.4071395,-0.9758069,146.39969,139.00632546254448
1218,170.81121211104988,159.23608269230613,0.13545412,-0.086014375,-0.47499302,-0.94080836,156.14607,139.00632546254448
1219,173.09152088923767,149.7025448054997,0.18585148,-0.10161715,-0.4542912,-0.96033216,157.69984,139.00632546254448
1220,170.20195508812628,124.50047412158227,0.18500581,-0.08853734,-0.48365524,-0.9496214,158.78426,139.00632546254448
1221,164.7348731368524,99.82909356406697,0.20247556,-0.08298208,-0.56944305,-0.9359499,165.03929,139.00632546254448
1222,161.13282795681044,90.38439211172923,0.09423355,-0.07058855,-0.7839464,-0.91391814,171.93094,139.00632546254448
1223,161.39490714117866,97.62024501928168,0.17701584,-0.1054556,-0.69057167,-0.86187685,167.12286,139.00632546254448
1224,164.1200187745246,111.38717808019206,0.08927939,-0.06866998,-0.8601139,-0.7677144,164.56844,139.00632546254448
1225,166.9081084017016,120.02680455798962,0.1355046,-0.11168178,-0.8200837,-0.7834199,167.42735,139.00632546254448
1226,168.65337192217322,120.48885535983531,0.091467336,-0.071201295,-0.8929954,-0.7419473,159.20015,139.00632546254448
1227,169.57826179646446,117.99126209683557,0.14894138,-0.12731573,-0.72872484,-0.71876115,151.63121,139.00632546254448
1228,169.9858761420915,118.03588071617678,0.1011548,-0.088796176,-0.8081275,-0.7205113,151.42947,139.00632546254448
1229,169.786189922652,121.23160148323255,0.10682203,-0.09362718,-0.79349774,-0.7011417,153.19765,139.00632546254448
1230,168.60309142923893,124.83374812552694,0.10856298,-0.09619888,-0.7698782,-0.7027698,149.09312,139.00632546254448
1231,165.55504312934934,127.47686099957521,0.13416892,-0.12340966,-0.7226115,-0.70372546,145.79228,139.00632546254448
1232,160.64721327022244,129.9505783982099,0.07147242,-0.08858213,-0.7872443,-0.6369352,140.6709,139.00632546254448
1233,156.33692968727763,132.91909863021732,0.0017967229,-0.0037800556,-0.8390143,-0.52664685,134.40817,139.00632546254448
1234,154.73787927127123,136.76038027443482,0.014814621,-0.075595625,-0.7558069,-0.64612055,133.40598,139.00632546254448
1235,154.32466876396538,141.31379371279195,0.031310048,-0.085781224,-0.7124533,-0.67266417,130.55223,139.00632546254448
1236,152.55474459371194,145.34499997935836,0.061609328,-0.10312122,-0.6429739,-0.6818254,130.61215,139.00632546254448
1237,150.5305264304809,148.01712893702975,0.013847324,-0.08849585,-0.7291692,-0.6408509,130.16226,139.00632546254448
1238,152.18466097835167,149.02216524630177,-0.081155494,0.12517455,-0.9127743,-0.5017228,136.01938,139.00632546254448
1239,158.33529110297727,148.45755314658103,-0.12892716,0.11342428,-0.87648505,-0.5289766,134.16776,139.00632546254448
1240,164.11576941355713,148.96583631041688,0.0010862885,-0.0056665707,-0.874269,-0.6177155,141.18854,139.00632546254448
1242,165.61486190109005,154.15644193197784,0.30124965,0.027821543,0.7283143,-1.8763051,262.497,139.00632546254448
1243,165.44802221558274,163.63216871046384,0.33128592,-0.02911442,0.59665424,-2.0196671,278.3304,139.00632546254448
1244,167.17400090155763,172.65851429158147,0.412459,-0.0006952861,0.6493103,-2.086099,281.1953,139.00632546254448
1245,169.62685520559657,175.86692212756304,0.36829,-0.050727785,0.5922468,-2.0988286,281.4922,139.00632546254448
1246,169.24834822623853,171.26009843823388,0.43032128,-0.031966913,0.5805514,-2.1165988,285.3584,139.00632546254448
1247,164.132512865783,163.6751459678964,0.41329896,-0.017815527,0.56866455,-2.1387205,287.0851,139.00632546254448
1248,156.99858494873374,161.41227297899295,0.40145868,-0.060430177,0.55957294,-2.1910536,294.30685,139.00632546254448
1249,153.76582364945855,165.28699802015652,0.35801065,-0.06834265,0.6500317,-2.2292132,298.8713,139.00632546254448
1250,156.86259225855613,166.58593323937308,-0.33707172,-0.060723044,-0.70439,-2.0170307,282.63495,139.00632546254448
1252,162.7049217688176,158.89078656636676,0.0783322,-0.022829182,-0.65824866,-0.51984084,127.35017,139.00632546254448
1253,165.83836892117446,142.83180245762472,0.07559892,-0.005968659,-0.6881901,-0.48127696,127.97004,139.00632546254448
1254,164.07471162166948,121.03451754551894,0.04372377,0.031588208,-0.78940547,-0.41563708,130.97859,139.00632546254448
1255,161.07048502995923,99.415954670126,0.02734997,0.026894202,-0.83925486,-0.40125495,130.06581,139.00632546254448
1256,162.43327289917514,86.57360756768402,0.014277185,0.0098991,-0.8144718,-0.41971615,124.01214,139.00632546254448
1257,168.74988755355608,85.87825119283389,0.013588705,0.003522095,-0.8273694,-0.4398149,124.75713,139.00632546254448
1258,174.76461881124436,94.21695663936792,-0.003594763,0.021608973,-0.8300157,-0.35478187,118.683685,139.00632546254448
1259,174.58122962510438,105.7217046389365,-0.006573494,-0.0030865257,-0.84751135,-0.392888,120.85238,139.00632546254448
1260,166.9818486418349,114.38133246825768,-0.031793475,0.046925556,-0.8352834,-0.28863132,115.82092,139.00632546254448
1261,156.90734764565497,118.4818606535589,-0.036264647,0.029747795,-0.82129467,-0.331071,112.2489,139.00632546254448
1262,150.95234594963733,121.26791335883901,-0.028351514,0.010577043,-0.8263314,-0.32823804,113.561935,139.00632546254448
1263,150.77327558389237,125.44319048528456,-0.058139265,0.019711262,-0.7609323,-0.301168,109.53073,139.00632546254448
1264,152.90087730777861,131.17129780953837,-0.0441027,0.039904855,-0.7335306,-0.25978935,107.94763,139.00632546254448
1265,154.59473888708203,137.25694392123455,-0.019026294,0.016897406,-0.72732675,-0.2865742,110.00343,139.00632546254448
1266,155.84668659111333,141.2012676841163,-0.0096554095,0.00998055,-0.6879675,-0.3053665,111.19863,139.00632546254448
1267,155.51785058944262,141.33662258457286,-0.03322137,0.005667229,-0.69710875,-0.27697328,105.815926,139.00632546254448
1268,151.28770632226588,138.55367348300013,-0.03904096,0.005951974,-0.68332505,-0.2372684,100.15388,139.00632546254448
1269,145.31538625714063,135.924903682379,-0.039117362,0.021882303,-0.6245487,-0.22346193,93.56442,139.00632546254448
1270,143.85177151289682,138.0292673597107,-0.0340868,0.040435486,-0.64842814,-0.20571731,94.03262,139.00632546254448
1271,148.80649167342423,146.78047880479946,-0.062930964,0.077443495,-0.71195453,-0.16317093,99.43095,139.00632546254448
1287,155.2715659499335,158.0593316088199,-0.0028197835,-0.0047671115,-0.13971233,-0.113710344,24.731558,139.00632546254448
1297,159.4090589051797,166.49951542832466,-0.051060826,0.0018882714,-0.13968863,-0.262949,35.902935,139.00632546254448
1298,162.94729497034697,170.93887873795464,-0.052064568,0.0034085924,-0.10480488,-0.26170728,35.214706,139.00632546254448
1299,167.8439279263435,172.62474207934534,-0.052624397,-0.003626816,-0.08928334,-0.26189563,34.956158,139.00632546254448
1300,172.30935599042857,172.5418245013619,-0.049106915,-0.0055049886,-0.080535956,-0.27631244,37.549984,139.00632546254448
1301,173.84423905349104,172.15482064223156,-0.036344998,-0.008107207,-0.0102038225,-0.29389,39.53473,139.00632546254448
1302,172.540944154475,172.76585734026008,0.0113006495,0.006543637,0.08071115,-0.2871358,42.86667,139.00632546254448
1303,170.55235993830763,173.39428402141795,-0.036546975,-0.009428624,-0.021082075,-0.3079371,41.726997,139.00632546254448
1304,169.95274344985697,172.27018873102304,-0.054901037,-0.017869972,-0.06066618,-0.28232986,38.962257,139.00632546254448
1305,171.3640002237468,170.14284038958613,-0.056078654,-0.013710111,-0.0628493,-0.27578312,38.9737,139.00632546254448
1306,173.8094279198398,169.06353328374078,-0.061151806,-0.008890529,-0.082953975,-0.26856396,37.917984,139.00632546254448
1307,175.90364324353195,169.42806593550813,-0.064153805,-0.0122850705,-0.0790501,-0.22996187,33.29218,139.00632546254448
1308,177.0933041678378,170.57284361733568,-0.070037946,-0.0075480365,-0.0871797,-0.23231909,33.53028,139.00632546254448
1309,177.5279181447992,171.769953514846,-0.07352777,-0.010954433,-0.08211533,-0.2109999,30.715866,139.00632546254448
1310,177.2694749299837,172.15159635478443,-0.06808491,-0.01252437,-0.063795514,-0.23188987,33.74358,139.00632546254448
1311,176.1853641633356,171.68810619298125,-0.06439662,-0.010709425,-0.034988236,-0.26393232,37.975098,139.00632546254448
1312,174.94902370384443,171.235192715819,-0.063524164,-0.019067349,-0.011616349,-0.28538957,39.71211,139.00632546254448
1313,175.07338114702927,170.93497461827573,-0.06585305,-0.021102712,-0.013645786,-0.29425004,39.521996,139.00632546254448
1314,176.87853659277857,170.39594252911903,-0.060764536,-0.020866705,-0.0068817297,-0.3032251,41.169582,139.00632546254448
1315,178.7289000320808,170.2948191711429,-0.059721716,-0.022233568,0.008336847,-0.32085818,44.196674,139.00632546254448
1316,178.99862263183604,171.7791041712281,-0.06131251,-0.024583094,0.0044294577,-0.29511282,40.854626,139.00632546254448
1317,177.7045211511356,174.53483616329348,-0.061567176,-0.026134152,0.0060149822,-0.2924588,38.979687,139.00632546254448
1318,176.09010704620644,176.98008927233352,-0.06403218,-0.028464358,0.011378806,-0.2880122,39.633564,139.00632546254448
1319,175.34843165176952,178.1732878971899,-0.067340665,-0.02966876,-0.01728709,-0.2649613,36.113026,139.00632546254448
1320,175.56333102924174,178.45245286976458,-0.067034185,-0.025797375,-0.03027557,-0.27354732,38.452984,139.00632546254448
1321,175.3197544529896,178.47374705800033,-0.05524089,-0.02893703,0.0038134258,-0.27441058,37.976524,139.00632546254448
1322,172.80617632274456,178.37332228544042,-0.06141262,-0.024746433,-0.0043969657,-0.2753851,39.02868,139.00632546254448
1323,168.54370337984827,177.76690087237142,-0.052486964,-0.0240259,0.02238088,-0.31290552,42.691345,139.00632546254448
1324,166.18306399717724,176.41486998668938,-0.05020769,-0.02171567,0.019863624,-0.34336573,45.729424,139.00632546254448
1325,168.13918593451905,174.54566529254075,-0.04735322,-0.024076615,0.023996262,-0.36327326,48.92627,139.00632546254448
1326,171.8164257949141,172.80185563560403,-0.048879467,-0.018542426,-0.0020513902,-0.3761972,48.926964,139.00632546254448
1327,172.87551994473299,172.42834322910988,-0.059430607,-0.018536499,-0.018106857,-0.38668883,50.9815,139.00632546254448
1328,170.51180208322089,174.00933100519708,-0.061275188,-0.017903123,-0.019748583,-0.39549112,51.61908,139.00632546254448
1329,167.4619423362333,175.701353250865,-0.06030701,-0.015852172,-0.012144126,-0.37548018,50.72784,139.00632546254448
1330,166.29922133523058,175.0296283492538,-0.06489366,-0.015488393,-0.031202912,-0.3805799,51.269463,139.00632546254448
1331,167.1818356506681,172.30978918054242,-0.06424997,-0.015674124,-0.054946262,-0.34338087,45.68565,139.00632546254448
1332,168.54657854598278,170.303041814549,-0.0695971,-0.01568115,-0.06910841,-0.30318227,40.06909,139.00632546254448
1333,169.01715314990693,170.8969071468441,-0.061579473,-0.011827108,-0.05941436,-0.33278078,45.330723,139.00632546254448
1334,168.16808264553467,173.36403245041683,-0.05293527,-0.0061291433,-0.0370528,-0.3262672,45.48811,139.00632546254448
1335,166.5020316841789,175.50619988414127,-0.05464725,-0.006888096,-0.05207335,-0.32262725,44.656834,139.00632546254448
1336,165.87359528654466,175.88600314489042,-0.059052117,-0.0066105966,-0.055858236,-0.34438857,47.297585,139.00632546254448
1337,168.15386584388727,174.7735729860659,-0.06010811,-0.01058297,-0.047560904,-0.3504514,48.01605,139.00632546254448
1338,172.57146353754686,173.1665644395045,-0.06411956,-0.011880676,-0.049504284,-0.35129315,47.740128,139.00632546254448
1339,176.39476990100087,171.54197932560345,-0.072131485,-0.012905493,-0.0503763,-0.34333542,47.212914,139.00632546254448
1340,177.9880322275004,169.25938866050987,-0.07445906,-0.013269273,-0.07330998,-0.23199701,33.667233,139.00632546254448
1341,177.47683720729256,164.9672712328571,-0.08714677,-0.015610457,-0.09298831,-0.19795477,30.510983,139.00632546254448
1342,175.95803858516248,158.3588362563985,-0.083149366,-0.014476967,-0.09291279,-0.22916691,32.61764,139.00632546254448
1343,175.04431263565448,151.8847186392917,-0.08627783,-0.018240558,-0.07955592,-0.22117321,31.513186,139.00632546254448
1344,175.44517977307095,149.8681433474079,-0.08580098,-0.01972202,-0.07254949,-0.24681844,34.301586,139.00632546254448
1345,175.98710883696327,153.8041738376299,-0.07305444,-0.02044848,-0.024042366,-0.3592706,48.379707,139.00632546254448
1346,174.8229092601136,159.19264220961128,-0.0865562,-0.023578037,-0.046185702,-0.31957254,45.523445,139.00632546254448
1347,171.3840525407368,160.4997712609483,-0.09272487,-0.012093192,-0.07989709,-0.30329973,42.38741,139.00632546254448
1348,167.40027675759077,158.03781808869246,-0.083459795,-0.013728991,-0.055978984,-0.28913474,38.958347,139.00632546254448
1349,165.78508801629354,156.31747075094285,-0.08681878,-0.026386404,-0.049440175,-0.27802002,37.634823,139.00632546254448
1350,167.61046622677353,157.60436665219885,-0.086985625,-0.023327978,-0.06349431,-0.23028305,31.29179,139.00632546254448
1351,170.96962110823927,160.49873817842828,-0.08553358,-0.024918333,-0.07277518,-0.22339144,31.18492,139.00632546254448
1352,173.14620727702433,163.10179467563614,-0.08315815,-0.022606129,-0.0675444,-0.29770914,39.94628,139.00632546254448
1353,171.80458128817332,165.10034590115268,-0.08650351,-0.02432689,-0.076722525,-0.34620067,46.850887,139.00632546254448
1354,165.33741571586006,167.03591987472686,-0.081869885,-0.018982606,-0.055466134,-0.37149045,50.098057,139.00632546254448
1355,156.04966662183642,167.8568375063161,-0.088533826,-0.021293933,-0.07096528,-0.33913824,44.765934,139.00632546254448
1356,151.04618962336173,165.28442898179014,-0.07983386,-0.014540195,-0.06195269,-0.40077195,55.26208,139.00632546254448
1357,155.26439848386244,160.63628873068868,-0.06557731,-0.012512735,-0.05542003,-0.40648946,55.22815,139.00632546254448
1358,165.6054855968947,159.25346662735305,-0.058661774,-0.002393874,-0.048053555,-0.3949394,53.663948,139.00632546254448
1359,174.919684854199,163.36917518735723,-0.07616884,0.0068869987,-0.11638918,-0.32433152,47.300983,139.00632546254448
1360,178.87532671183877,169.16546453833166,-0.08508396,0.007870322,-0.1645244,-0.30224,47.640602,139.00632546254448
1361,178.07683829389273,172.59024546316863,-0.086067945,0.01606315,-0.16284624,-0.29819056,47.160175,139.00632546254448
1362,175.8458713817156,173.34732384087485,-0.08674545,0.019465156,-0.17626677,-0.27166256,44.49077,139.00632546254448
1363,174.44377842554522,172.9704246366788,-0.089490145,0.025328437,-0.19346209,-0.23872001,41.77712,139.00632546254448
1364,174.04057138034761,173.0697228466103,-0.08426376,0.013319767,-0.20306437,-0.26396218,44.291737,139.00632546254448
1365,174.55286316725875,174.3722537431563,-0.088482454,0.014190466,-0.21221484,-0.2603334,43.90902,139.00632546254448
1366,175.63296997246442,175.5485809955504,-0.08440426,0.018877884,-0.20240004,-0.2556464,41.88289,139.00632546254448
1367,175.51086492909988,175.05868043349815,-0.083601624,0.01944408,-0.21694726,-0.28113356,44.872215,139.00632546254448
1368,173.06986131072927,173.8333527439025,-0.08422029,0.023118757,-0.21853761,-0.28335246,45.38142,139.00632546254448
1369,170.07065797716277,173.65661818677282,-0.09873941,0.040406287,-0.24678025,-0.24082914,41.506966,139.00632546254448
1370,168.91762180775652,174.33435817470604,-0.09081091,0.029462172,-0.23206265,-0.26578194,43.5701,139.00632546254448
1371,170.01742951278825,174.85462447591215,-0.09338392,0.02565599,-0.24762635,-0.27065027,44.466225,139.00632546254448
1372,172.09999795323992,175.32551739408206,-0.091347024,0.030076886,-0.24941649,-0.24521053,42.632545,139.00632546254448
1373,173.45940284431782,175.51179453207766,-0.105770424,0.027780049,-0.26594573,-0.24326034,42.815037,139.00632546254448
1374,173.4773187520564,173.91363985607373,-0.09046754,0.026443923,-0.25006106,-0.2713359,44.46974,139.00632546254448
1375,173.13104341604478,170.3150220331708,-0.09812294,0.02594864,-0.25272408,-0.27119648,43.964767,139.00632546254448
1376,173.3415015693854,166.93315277162628,-0.09023439,0.020217303,-0.26897582,-0.27376246,44.949364,139.00632546254448
1377,174.1662424953439,165.90525330413877,-0.08769826,0.034691416,-0.26552597,-0.2202057,40.56545,139.00632546254448
1378,175.34676714481466,167.64807195859336,-0.0828543,0.037437655,-0.24968037,-0.21030374,37.69642,139.00632546254448
1379,176.25077123767943,171.466488198822,-0.08456409,0.028878633,-0.2620278,-0.27406523,44.432667,139.00632546254448
1380,176.31638914805774,175.88053597114953,-0.0820218,0.028531978,-0.24809398,-0.2767568,43.53045,139.00632546254448
1381,175.86159769896628,178.98831824220613,-0.09652512,0.03351797,-0.26725507,-0.25554585,41.164986,139.00632546254448
1382,175.48381337074306,179.39140288763804,-0.084809974,0.017693462,-0.26522386,-0.26941556,44.164772,139.00632546254448
1383,175.17936271974247,176.68331159858786,-0.08313795,0.008736411,-0.24894536,-0.27551836,44.51799,139.00632546254448
1384,174.75154736105267,171.45161367214183,-0.090836376,0.009828627,-0.23896107,-0.2767109,44.509266,139.00632546254448
1385,174.4997902501415,165.00915890569408,-0.08782998,0.010092735,-0.23332633,-0.27040547,42.362907,139.00632546254448
1386,174.8248205997212,159.36555315298872,-0.09355341,0.009146733,-0.22713967,-0.25315943,39.25178,139.00632546254448
1387,175.5978862463536,157.05006996056866,-0.09539887,0.0065322206,-0.22859259,-0.2540227,38.82773,139.00632546254448
1388,176.42246689732005,159.42612408082087,-0.08486749,0.002958753,-0.20003603,-0.28971103,42.523335,139.00632546254448
1389,176.997926880006,164.95199119959625,-0.08474938,-0.0004704762,-0.17988436,-0.33708686,47.810078,139.00632546254448
1390,177.15236705703634,170.03004013910123,-0.086572446,-0.0028046353,-0.16578457,-0.35129073,49.277283,139.00632546254448
1391,177.04870437130728,171.85195058239393,-0.08560823,-0.020676803,-0.13173817,-0.3825933,54.07021,139.00632546254448
1392,177.1044844667677,170.34475850513726,-0.08618166,-0.01812398,-0.126748,-0.37134534,51.186974,139.00632546254448
1393,177.30468475638855,167.71263670715575,-0.08905326,-0.019758902,-0.111388475,-0.35917246,48.75067,139.00632546254448
1394,176.94061541671476,166.45783509889725,-0.08980365,-0.022066716,-0.10103844,-0.3615299,48.13696,139.00632546254448
1395,175.45741080698212,167.36006334853792,-0.10540116,-0.027130866,-0.1224529,-0.2830787,39.187435,139.00632546254448
1396,173.39787854655867,169.0234458529653,-0.103788406,-0.021082295,-0.12180613,-0.2655139,37.053932,139.00632546254448
1397,171.99644086234417,169.6982343245949,-0.10583014,-0.027308695,-0.116229355,-0.27889863,40.086273,139.00632546254448
1398,171.7983042691387,169.11713015471648,-0.104400486,-0.027957657,-0.119614236,-0.30366635,41.94105,139.00632546254448
1399,172.44845641877026,168.08591054555623,-0.10979197,-0.03154825,-0.11772136,-0.27902794,37.76386,139.00632546254448
1400,173.63755948597287,167.0874421480872,-0.10757725,-0.027154358,-0.10951579,-0.291807,39.531906,139.00632546254448
1401,175.12799124522454,165.8696287828098,-0.10764882,-0.03414871,-0.10998078,-0.30079785,36.740154,139.00632546254448
1402,176.5015337190512,164.0775241555717,-0.116048016,-0.03410744,-0.09344672,-0.29578397,38.349136,139.00632546254448
1403,177.51060478605288,161.92427879602542,-0.11874266,-0.02573305,-0.11119967,-0.2922935,39.162777,139.00632546254448
1404,178.00452064682918,160.19954868642384,-0.11424251,-0.04722874,-0.10831798,-0.3416105,44.365482,139.00632546254448
1405,177.97723739327677,159.87895058756905,-0.11025301,-0.041980177,-0.10928835,-0.33813187,44.96261,139.00632546254448
1406,177.67260266985235,161.4613235844731,-0.09917103,-0.04073911,-0.10112362,-0.34388867,44.749058,139.00632546254448
1407,176.73654588927857,164.2508489619427,-0.09913019,-0.036891438,-0.100400016,-0.33969128,44.891747,139.00632546254448
1408,174.19914648048226,166.6632077131185,-0.09575936,-0.03563654,-0.08874151,-0.3334012,44.55506,139.00632546254448
1409,169.77345776054642,167.75513464716093,-0.10447469,-0.032616537,-0.1133986,-0.3420125,45.8476,139.00632546254448
1410,164.43751643308596,168.33240440010715,-0.10314515,-0.03230391,-0.10135063,-0.34388494,46.412003,139.00632546254448
1411,160.75894102871,170.0202115023421,-0.10217127,-0.032374162,-0.11791499,-0.3455135,46.023186,139.00632546254448
1412,161.75188797227005,173.27202542631116,-0.10437019,-0.02810541,-0.092803456,-0.38392174,50.381573,139.00632546254448
1413,166.01383236694267,176.8579934834565,-0.1055399,-0.024979806,-0.08773426,-0.40677333,53.674107,139.00632546254448
1414,166.68252309164438,179.1395840931507,-0.11127036,-0.019259447,-0.13520648,-0.34821606,47.1847,139.00632546254448
1415,160.234547196171,179.4326206589236,-0.11105478,-0.01103237,-0.1558723,-0.3290552,43.515606,139.00632546254448
1416,152.7265454138821,178.45905301109826,-0.12425094,-0.000981787,-0.17784,-0.31809613,43.794624,139.00632546254448
1417,152.71282687156156,177.57977653837304,-0.13203499,0.0023310855,-0.22216444,-0.3172039,46.7273,139.00632546254448
1418,161.26416914635118,177.4296743980414,-0.11287828,0.0017868435,-0.21017618,-0.4396915,61.123203,139.00632546254448
1419,171.7270451881509,177.65211338012907,-0.10498886,0.0016917824,-0.19499186,-0.4276297,58.830307,139.00632546254448
1420,177.22397619962356,177.87494411205202,-0.10784245,0.0058654747,-0.2203339,-0.4204189,56.3882,139.00632546254448
1421,176.41052974402263,178.14074755663978,-0.10274822,0.017024081,-0.2213214,-0.43663615,61.29605,139.00632546254448
1422,172.3962354223141,178.3708870380924,-0.110341705,0.021159355,-0.23460406,-0.42402726,60.961037,139.00632546254448
1423,168.8775908339275,178.15682289392723,-0.1094372,0.02101775,-0.27152032,-0.35049248,52.980278,139.00632546254448
1424,167.99355063703638,177.16399858792758,-0.1050758,0.025798474,-0.2841808,-0.37518796,56.882175,139.00632546254448
1425,169.36201079791496,175.59429827988225,-0.11348553,0.022079669,-0.3022723,-0.35457638,55.039593,139.00632546254448
1426,170.92365536686322,174.38007794453367,0.035358384,0.016096521,-0.04501818,-0.48711103,61.751896,139.00632546254448
1427,171.67438440521514,174.32009364687093,-0.11619335,0.03970661,-0.30969188,-0.34528673,56.429214,139.00632546254448
1428,172.46743143052308,174.89463575440308,-0.10794827,0.056000058,-0.30182135,-0.37351045,63.425865,139.00632546254448
1429,174.00869386097258,175.0242960868633,-0.122785285,0.048193183,-0.3131378,-0.3152917,51.93743,139.00632546254448
1430,175.70080314810326,174.6337272859552,-0.05549204,0.055365805,-0.2160129,-0.38489386,58.670567,139.00632546254448
1431,176.46058014111176,174.48471475007383,-0.11160626,0.055140775,-0.31830755,-0.32118067,53.022575,139.00632546254448
1432,175.5681975359858,175.0073027078744,-0.111044236,0.047906682,-0.31278214,-0.33458322,55.104073,139.00632546254448
1433,173.13608423057272,175.8406836551799,-0.113924176,0.044482723,-0.32286125,-0.34794974,55.939224,139.00632546254448
1434,170.26396631906943,176.52145892445336,-0.115473695,0.044499848,-0.3350212,-0.3531487,56.946083,139.00632546254448
1435,168.25280861503188,177.1161451521417,-0.117273055,0.04580853,-0.3625367,-0.35107097,59.08867,139.00632546254448
1436,167.60073113481988,177.46957047023125,-0.11845638,0.0347193,-0.3427508,-0.30845082,53.401516,139.00632546254448
1437,167.9090817637853,176.80719212607866,-0.114879176,0.034049917,-0.32501847,-0.30770856,52.486195,139.00632546254448
1438,168.58282056189253,175.25688918206856,-0.10600928,0.018083585,-0.34209305,-0.30657396,54.762714,139.00632546254448
1439,169.39130566986975,174.21073615077773,-0.12757874,0.026774552,-0.3432171,-0.32045093,54.706467,139.00632546254448
1440,170.29382310911635,174.29356835519866,-0.12760772,0.01740235,-0.33972377,-0.35298383,57.22958,139.00632546254448
1441,171.15342418916438,174.86199700444885,-0.119497,0.022067375,-0.31275362,-0.3620142,57.9906,139.00632546254448
1442,171.88749816370913,175.52116533051532,-0.11742761,0.012527663,-0.30093,-0.3542611,56.669846,139.00632546254448
1443,172.64389280736705,176.32184855347896,-0.10943237,-0.002476202,-0.28870597,-0.3569619,55.15731,139.00632546254448
1444,173.73165260748985,176.96256261185218,-0.12725382,-0.006289847,-0.29412204,-0.34983143,53.346897,139.00632546254448
1445,175.2849813788356,177.1555926495527,-0.13050567,-0.0155233,-0.2901308,-0.36553454,53.14127,139.00632546254448
1446,176.9847757019016,177.01835273377003,-0.12924461,-0.024510646,-0.26798877,-0.3900726,56.367435,139.00632546254448
1447,178.28663068123757,176.37674014382964,-0.13078712,-0.028572153,-0.256152,-0.48214346,66.751915,139.00632546254448
1448,178.8063344144394,174.75927717050627,-0.1284209,-0.026031626,-0.22584175,-0.501606,69.434525,139.00632546254448
1449,178.40423691723913,172.5378149668256,-0.12156683,-0.015841853,-0.08235068,-0.49302173,70.98614,139.00632546254448
1450,177.01647505216684,170.98165372702425,-0.11685373,-0.031761862,-0.10308851,-0.52986485,72.69307,139.00632546254448
1451,174.7686023906311,170.50600561230468,-0.12564196,-0.03216889,-0.138756,-0.49337047,68.10339,139.00632546254448
1452,172.33629952254947,170.33690778295542,-0.13370481,-0.032707866,-0.16662586,-0.44733417,60.4789,139.00632546254448
1453,170.56761241547014,170.66085734580187,-0.14006403,-0.03058644,-0.16217268,-0.46910855,61.43889,139.00632546254448
1454,169.83870609260808,172.5246537548274,-0.14059752,-0.027538335,-0.15947364,-0.44288802,60.415676,139.00632546254448
1455,170.20839975911684,175.15062962684596,-0.14277098,-0.0069063185,-0.16249804,-0.43060943,62.03017,139.00632546254448
1456,171.71201655178297,176.14689628977976,-0.13705939,-0.033846624,-0.114325054,-0.487857,67.16396,139.00632546254448
1457,174.02176037280194,174.66779528313344,0.023947963,-0.013627124,0.22468784,-0.4880928,70.24111,139.00632546254448
1458,175.84180122052186,172.7972725927618,0.11550267,0.02045353,0.37846878,-0.44386828,68.34293,139.00632546254448
1459,175.3040767102606,172.7257829616999,-0.050884318,-0.017782375,0.031633213,-0.4757232,65.81323,139.00632546254448
1460,172.14483128395622,173.26086469786378,-0.12117605,-0.03596212,-0.12435851,-0.44461668,61.874054,139.00632546254448
1461,169.23409642539568,171.91799932604616,-0.1442902,-0.052927583,-0.11018144,-0.48784012,65.2327,139.00632546254448
1462,169.90625215460253,169.28727324755127,-0.12838006,-0.055198953,-0.10224679,-0.51552707,68.124916,139.00632546254448
1463,173.7606389473845,167.76420600945121,-0.1445172,-0.054017603,-0.11785264,-0.5229599,68.290474,139.00632546254448
1464,177.1113945527173,167.9463070015793,-0.14631261,-0.051726695,-0.13821198,-0.50435466,67.85881,139.00632546254448
1465,176.88636989206708,168.8834773203815,-0.14482675,-0.04896531,-0.123053566,-0.5624544,76.41599,139.00632546254448
1466,173.01439614830582,170.04392110979708,-0.15181035,-0.0445622,-0.12270669,-0.5396127,72.59372,139.00632546254448
1467,168.20548878158604,171.54380784804215,-0.151485,-0.030305428,-0.1484505,-0.5203478,69.02883,139.00632546254448
1468,165.7101521613643,173.2113115169656,-0.15487602,-0.03689407,-0.17966482,-0.5097455,67.44346,139.00632546254448
1469,166.8737755897235,174.5417792982178,-0.1583294,-0.030939024,-0.21366118,-0.5043476,71.6098,139.00632546254448
1470,170.0646284000013,175.48201139974728,-0.15449183,-0.007734646,-0.22823519,-0.48351362,67.58364,139.00632546254448
1471,172.12833873178994,176.14538507450285,-0.1627751,-0.023450043,-0.22365072,-0.5289395,74.83351,139.00632546254448
1472,172.40376085580982,176.21107612700965,-0.1476136,-0.019604346,-0.21882829,-0.57343066,78.80137,139.00632546254448
1473,173.25766364415688,175.55799915457422,-0.16949657,-0.0031310925,-0.28842056,-0.5068685,72.21733,139.00632546254448
1474,175.421112441963,174.739246895987,-0.15337393,0.015159739,-0.3159826,-0.5196559,74.978424,139.00632546254448
1475,176.7188348011139,174.5056670014372,-0.15766375,0.005465471,-0.32910633,-0.51167667,73.445984,139.00632546254448
1476,175.8130858288099,175.0738857195666,-0.15877682,0.027984662,-0.34987664,-0.5077009,74.11588,139.00632546254448
1477,173.51306497927976,175.90531423208245,-0.15380597,0.028787084,-0.37032425,-0.52947956,80.804054,139.00632546254448
1478,170.98885197496438,176.3757430094964,-0.13590418,0.023488464,-0.38147956,-0.52539855,83.22766,139.00632546254448
1479,169.10513060134218,176.1994540491723,-0.14770143,0.026363133,-0.38329473,-0.5249353,80.302734,139.00632546254448
1480,168.32406366883393,175.34682834902813,-0.16250682,0.034869686,-0.3942191,-0.5271254,79.55462,139.00632546254448
1481,168.2195063029319,174.1397721530895,-0.17439628,0.028247451,-0.421382,-0.51933414,81.75682,139.00632546254448
1482,168.0410939381068,173.0893620630228,-0.16752641,0.04786958,-0.45143673,-0.5120725,79.29321,139.00632546254448
1483,167.92139713354808,172.53707062581628,-0.19415453,0.037576184,-0.48022732,-0.52617985,82.69004,139.00632546254448
1484,168.6835236401982,172.78752851685005,-0.17806964,0.04781623,-0.4868781,-0.5476616,86.57974,139.00632546254448
1485,170.07790851790492,174.1198237706407,-0.18548222,0.040935818,-0.50176036,-0.5489648,86.20668,139.00632546254448
1486,170.42346701636401,176.03809415443234,-0.16544911,0.069759786,-0.52739877,-0.5004466,86.594734,139.00632546254448
1487,168.74497044649326,177.18135090630034,-0.18580231,0.07714953,-0.5114864,-0.456646,83.117325,139.00632546254448
1488,166.1157451379591,176.61598339523596,-0.19418965,0.07980598,-0.5097815,-0.48776087,85.029785,139.00632546254448
1489,164.53820017554912,174.82634617929796,-0.20397283,0.07662088,-0.5366265,-0.4527889,79.4737,139.00632546254448
1490,165.09927281751277,173.43928886469772,-0.18941508,0.074020416,-0.5444979,-0.6019106,96.18901,139.00632546254448
1491,167.14521071518155,173.6519017891922,-0.18403588,0.079252295,-0.53357095,-0.6359486,104.68958,139.00632546254448
1492,169.08502444744593,174.29727454416607,-0.19805181,0.066490166,-0.53945905,-0.66410536,103.49919,139.00632546254448
1493,169.88245851526617,172.92370027152884,-0.20897266,0.06843859,-0.5704898,-0.5562876,98.45395,139.00632546254448
1494,169.59803864657138,169.35594750443522,-0.22447972,0.06495711,-0.5414779,-0.47330782,84.89266,139.00632546254448
1495,169.0981970618163,166.27248936318287,-0.19643424,0.025261037,-0.5038824,-0.7029588,109.96442,139.00632546254448
1496,169.6593301533718,166.40698050421415,-0.18894702,0.021405678,-0.45260644,-0.72879684,109.95478,139.00632546254448
1497,171.94387836425926,169.75481771662746,-0.21323352,0.017303776,-0.44108185,-0.7349919,109.511055,139.00632546254448
1498,175.00393174751628,173.37449449093967,-0.18179438,0.022049813,-0.4122434,-0.6969974,104.12008,139.00632546254448
1499,176.9381866611055,174.7510109302018,-0.14930584,0.02228011,-0.3633815,-0.68041044,102.95202,139.00632546254448
1500,176.83374177261666,173.62194281014203,-0.16933937,0.0024028753,-0.32167178,-0.68404275,99.82267,139.00632546254448
1501,175.72366490546042,170.2065237580927,-0.16251911,-0.00911029,-0.28250614,-0.6757152,96.18944,139.00632546254448
1502,175.1836802658159,165.35276303500743,-0.17726919,-0.016583243,-0.31815255,-0.6091221,88.50361,139.00632546254448
1503,175.58257925537134,161.32460066968733,-0.17217408,-0.01788534,-0.28067955,-0.60124606,84.33983,139.00632546254448
1504,176.19279971151695,159.59629739148184,-0.1727945,-0.021477358,-0.25222662,-0.585093,79.79563,139.00632546254448
1505,176.33858671478524,159.97102178538796,-0.1709293,-0.027532078,-0.24053693,-0.5669269,77.411514,139.00632546254448
1506,175.98267890985102,161.88484582224157,-0.17432295,-0.027356226,-0.2200283,-0.59454876,82.096085,139.00632546254448
1507,175.2619629879773,164.24862782662413,-0.17504875,-0.018091269,-0.19302037,-0.6064604,80.0598,139.00632546254448
1508,174.06286476903853,165.64801085073805,-0.17627862,-0.051542938,-0.18457684,-0.573106,75.78724,139.00632546254448
1509,172.48451092273186,166.02423598926913,-0.16916506,-0.04299643,-0.15373573,-0.53366894,73.77719,139.00632546254448
1510,171.11611845248507,166.20482986958697,-0.16372044,-0.046023022,-0.15549995,-0.50272447,70.943665,139.00632546254448
1511,170.63606012964618,165.7140582373701,-0.16536963,-0.045137834,-0.15134273,-0.5322652,74.11861,139.00632546254448
1512,171.4967907038564,163.25806482798535,-0.16239749,-0.04203001,-0.14479075,-0.5417958,72.71332,139.00632546254448
1513,173.70902293193583,159.33624978383824,-0.16363394,-0.06334129,-0.15938495,-0.53044766,71.01163,139.00632546254448
1514,176.4826441514192,156.5035566291456,-0.16342318,-0.058298543,-0.16835539,-0.49493942,64.27433,139.00632546254448
1515,178.54726233140903,156.63869000073348,-0.17116639,-0.053936046,-0.18491536,-0.54719806,69.96711,139.00632546254448
1516,179.226509889303,159.00289559039615,-0.16658808,-0.056547374,-0.17703429,-0.5227644,67.485954,139.00632546254448
1517,178.4403876806779,161.61400882855375,-0.15450543,-0.06568368,-0.1247976,-0.5739063,72.32477,139.00632546254448
1518,175.57600691131898,163.6231555584702,-0.15360883,-0.056906324,-0.08109403,-0.58360726,76.42621,139.00632546254448
1519,169.8226342162069,165.4156290807379,-0.15138575,-0.047783412,-0.06298717,-0.6071963,79.64346,139.00632546254448
1520,161.8535264613743,167.21856545720868,-0.14520173,-0.04632643,0.0139628025,-0.80171824,109.56433,139.00632546254448
1521,154.17645425331455,168.9302616968677,-0.11483219,-0.042823542,-0.0050929105,-0.69712234,93.36788,139.00632546254448
1522,150.60847335835513,171.03466492299134,-0.09960089,-0.025731403,0.056765817,-0.7532177,102.82373,139.00632546254448
1523,154.69264569133537,174.0127053010516,-0.114899814,-0.029829025,-0.029847905,-0.69952595,92.72843,139.00632546254448
1524,165.53389616428169,176.98547430089477,-0.09404036,-0.025054997,0.023681879,-0.7449717,101.88491,139.00632546254448
1525,176.60875337463042,178.6232900730011,-0.11426183,-0.017286653,-0.033571757,-0.754304,103.81675,139.00632546254448
1526,181.69001382226227,178.84963645947036,-0.07660441,-0.0010907891,-0.023363983,-0.7291313,101.09924,139.00632546254448
1527,180.53878230363745,178.50883451019186,-0.057784047,0.0014535805,-0.01898019,-0.6879603,96.60641,139.00632546254448
1528,177.52479664809135,178.12389848639393,-0.09894051,0.0052812765,-0.12939215,-0.6745805,94.507996,139.00632546254448
1529,176.33794154189377,177.57167483090223,-0.0808556,0.0057607535,-0.1210474,-0.64193547,87.583855,139.00632546254448
1533,175.20288928419592,173.6990457082119,0.038314283,-0.03701394,0.23312831,0.06727557,30.031864,139.00632546254448
1535,167.51685665034432,160.26118888820676,-0.071916334,0.009914028,-0.16553034,-0.500261,69.984474,139.00632546254448
1536,153.594089179972,141.20047314298048,-0.07860311,0.014034373,-0.15130234,-0.4911587,68.07966,139.00632546254448
1537,146.1416516341141,134.8758644460364,0.034782745,-0.007728499,0.052408807,-0.50528395,68.035034,139.00632546254448
1538,153.69252908106367,149.66637482230072,-0.0071820617,0.0008298647,-0.022166168,-0.4233456,57.56616,139.00632546254448
1539,168.7983626876678,170.85906035439888,-0.019512797,0.0040380163,-0.033134434,-0.31923708,44.869656,139.00632546254448
1540,178.84705874079293,181.04848742737732,-0.064295635,0.0067976457,-0.10465603,-0.247928,34.268158,139.00632546254448
1541,178.8848254534878,178.7446289903833,-0.056441337,0.002804855,-0.11859381,-0.2930766,39.86173,139.00632546254448
1542,172.7748704807143,173.6894232702563,-0.049503405,0.0070808535,-0.079186656,-0.2412825,33.852375,139.00632546254448
1543,167.49177883963048,172.9036759040542,-0.036284406,0.00071153214,-0.056132223,-0.26491916,36.499954,139.00632546254448
1544,166.64267632756773,175.190174060834,0.016343065,-0.0027769732,0.004549327,-0.26683202,34.221508,139.00632546254448
1545,168.3177164127705,176.36589219173294,-0.046207655,0.0033084818,-0.055458233,-0.31162494,42.180374,139.00632546254448
1546,169.5331104676541,175.20100658486467,-0.005847253,0.0019587441,0.016009802,-0.20060617,27.805758,139.00632546254448
1547,170.46418311312343,173.2787785865179,-0.013934702,0.0065298057,-0.007542548,-0.1423073,21.544498,139.00632546254448
1548,172.51583485791863,171.12950868027528,-0.044773176,-0.0022000195,-0.101355456,-0.14570184,21.862576,139.00632546254448
1549,175.12134389892208,166.2957115706266,-0.051182892,-5.708064e-06,-0.10667361,-0.1639222,23.625984,139.00632546254448
1550,176.32880030687016,157.88664591604396,-0.050192762,-0.008446837,-0.07870981,-0.23572877,32.278797,139.00632546254448
1551,175.67803414114414,151.60265710062546,0.026307588,0.0061820527,0.100093536,-0.2521109,37.16321,139.00632546254448
1552,174.8261774628001,153.90405885461067,-0.032532454,-0.009040695,0.00029550208,-0.27379715,36.77871,139.00632546254448
1553,174.8286633240248,163.32243566345957,-0.04170443,-0.013211095,-0.030401148,-0.20057698,27.11232,139.00632546254448
1554,174.78059386378231,172.4800666682123,-0.045448482,-0.01736459,-0.02603492,-0.1985886,26.275625,139.00632546254448
1555,173.35763438992737,175.68152436048254,-0.04179708,-0.017133852,-0.0099487165,-0.20053768,27.274223,139.00632546254448
1556,170.1983889257369,173.00621037684317,-0.04928079,-0.020947497,0.0016368971,-0.21949261,29.519068,139.00632546254448
1557,166.27738095856245,168.78161982918112,-0.048456192,-0.020521369,0.008312258,-0.2292062,29.88452,139.00632546254448
1558,163.48527166783043,165.9246728050973,-0.05632937,-0.021071756,0.06384118,-0.22574514,32.806927,139.00632546254448
1559,163.28533129384937,161.5677045488294,-0.055117942,-0.017821893,0.06290111,-0.22207135,33.671448,139.00632546254448
1560,165.80793921019878,150.76452605895187,-0.055252302,-0.013347209,0.043777775,-0.22380286,33.481438,139.00632546254448
1561,170.0412991177292,135.86092467204674,-0.052959416,-0.023163762,0.059201404,-0.21044797,32.860924,139.00632546254448
1562,174.36898397952444,127.14426760967066,-0.05217346,-0.029174354,0.073265634,-0.20709844,33.66161,139.00632546254448
1563,177.41733316713842,131.2275080531506,-0.052694652,-0.030876894,0.08672876,-0.22273964,35.53491,139.00632546254448
1564,178.62208834906218,143.31283074069992,-0.056370206,-0.034009304,0.098609,-0.23011927,37.729027,139.00632546254448
1565,177.78383767009413,153.33346540907033,-0.05533046,-0.040084,0.11138145,-0.24640022,40.737484,139.00632546254448
1566,174.78836308928106,156.3899242250314,-0.052443057,-0.03878695,0.12023158,-0.25200838,41.075672,139.00632546254448
1567,170.04354504068414,155.21028994555036,-0.01583856,-0.0015486416,0.23493908,-0.19148447,44.870888,139.00632546254448
1568,164.23381940276138,154.9784121185162,-0.031243308,-0.012222063,0.1962709,-0.21956792,45.17443,139.00632546254448
1569,157.8444393693651,157.83968158528802,0.0029638023,0.017231548,0.31928098,-0.18319395,49.87918,139.00632546254448
1570,151.62590874832068,161.79411437396237,-0.010181868,0.014849967,0.3063487,-0.20634651,52.351772,139.00632546254448
1571,145.99088782295007,163.59050972643175,-0.018437924,-0.00071482523,0.30775774,-0.2544927,54.548183,139.00632546254448
1572,140.7192725612742,161.91361502998743,-0.012061578,-0.008136625,0.31373012,-0.25460753,56.286095,139.00632546254448
1573,137.56169896814774,158.30997383440652,-0.036183417,-0.031796113,0.34137514,-0.29271632,61.63066,139.00632546254448
1574,139.37783476871337,155.47801921267177,-0.050517682,-0.050994307,0.290594,-0.27706063,59.38061,139.00632546254448
1575,144.6322698322806,154.57526091038395,-0.047124896,-0.039719343,0.3145657,-0.29973352,62.676014,139.00632546254448
1576,147.8621425291639,154.22306718892654,-0.04762984,-0.026556328,0.32658073,-0.31852248,66.2947,139.00632546254448
1577,146.63677558872774,152.42045520467713,-0.06024642,-0.03753579,0.29192707,-0.3288813,65.989525,139.00632546254448
1578,143.6388863674623,149.27365313828773,-0.043985903,-0.034273412,0.41565463,-0.34777388,76.56485,139.00632546254448
1579,141.7231925629372,146.3998798741434,-0.033950467,-0.027068736,0.49129263,-0.32310978,82.64645,139.00632546254448
1580,140.88355885669398,144.18538423058627,-0.024545772,-0.014861822,0.5937601,-0.37898096,94.89818,139.00632546254448
1581,140.22349566965096,141.4164088866159,-0.010854542,-0.016103107,0.63725704,-0.37480113,100.6365,139.00632546254448
1582,138.8884448717203,137.53322039526827,0.036721293,0.041545704,0.67648524,-0.22844616,93.390205,139.00632546254448
1583,134.6250857879856,134.23860093634673,-0.032551553,-0.022052007,0.68153733,-0.3272927,104.60462,139.00632546254448
1584,124.88702155790395,132.56486318104072,-0.05518644,-0.050831407,0.755774,-0.44046867,118.02834,139.00632546254448
1585,110.16412545448108,129.8610101299128,-0.06653627,-0.04098346,0.81018,-0.48581463,130.32474,139.00632546254448
1586,96.10262251592617,123.70205183533122,-0.043908183,-0.019253958,0.79856145,-0.50102663,127.77394,139.00632546254448
1587,91.26280017350606,116.10869478604167,-0.056079093,-0.019909507,0.79996604,-0.5290361,133.4251,139.00632546254448
1588,98.68531080326082,111.16766217178908,-0.044854186,-0.004382915,0.80346113,-0.5315755,132.64859,139.00632546254448
1589,111.15595044577354,110.44971600466036,0.008126527,0.007011259,1.0294507,-0.4739129,154.12825,139.00632546254448
1590,119.34212173422604,112.06136694202263,-0.03692832,0.010486811,0.932144,-0.38932267,141.74731,139.00632546254448
1591,121.78964340352712,113.84133462998473,-0.037490785,0.014012858,0.8473814,-0.37070033,126.66356,139.00632546254448
1592,123.58768160734591,115.82200928892604,0.00013699353,0.020886464,0.8823262,-0.35553488,121.99578,139.00632546254448
1593,128.56234249341102,119.2668275009108,0.007669003,0.03343367,0.82678276,-0.30373004,111.91186,139.00632546254448
1594,135.82687288190846,124.83795670655762,0.021521157,0.02465225,0.7458951,-0.2998189,101.82239,139.00632546254448
1595,142.03654893750834,131.48051694213606,0.0384302,0.02783252,0.6853093,-0.29229414,93.19013,139.00632546254448
1596,144.4671371725319,136.6895178558085,0.05796012,0.020446505,0.5914358,-0.2766657,78.75576,139.00632546254448
1597,142.38309853434046,139.2204242686618,0.08639023,0.026845682,0.588432,-0.263504,72.053345,139.00632546254448
1598,137.60009767399447,140.98858417720973,0.060037415,0.013826028,0.5361167,-0.2840495,69.3037,139.00632546254448
1599,133.90893048547895,144.31165482653202,0.05863367,-0.025834259,0.47190496,-0.29230294,62.622772,139.00632546254448
1600,134.84264547290405,149.12200268335292,0.07822638,0.00079912896,0.46572092,-0.2816958,58.608467,139.00632546254448
1601,141.63386620866515,154.33912610939186,0.07941761,0.004305417,0.4741926,-0.28448287,58.186493,139.00632546254448
1602,152.41831537422092,159.31880626132707,0.07339472,0.00925321,0.407381,-0.27536863,51.889458,139.00632546254448
1603,163.37030861398858,163.83589079422183,0.07934077,0.009429063,0.3696191,-0.2530644,46.867428,139.00632546254448
1604,171.4124611801676,168.19096893301793,0.09845181,0.0014559954,0.3083044,-0.22224654,39.401535,139.00632546254448
1605,175.5818073371013,172.07436091255786,0.0870831,0.015137566,0.24799518,-0.18355004,33.647648,139.00632546254448
1606,176.31232454771788,173.3210910762401,0.07247836,-0.0042520687,0.2458305,-0.24337055,39.72991,139.00632546254448
1607,174.96798587914668,170.14332926580357,0.040728353,0.00014160389,0.19575234,-0.2890724,43.345596,139.00632546254448
1608,173.7120891666462,164.585543669034,0.033176146,0.0177422,0.16781445,-0.2950968,44.313473,139.00632546254448
1609,173.69541761668697,161.28662487209817,0.04139839,0.022157606,0.16407523,-0.2900972,44.07417,139.00632546254448
1610,173.77865329608895,162.40385552032257,0.058809303,0.02047724,0.1755379,-0.33237332,49.39315,139.00632546254448
1611,172.91101184930486,165.55876905311695,0.06398389,0.018624755,0.19309898,-0.28372392,44.40765,139.00632546254448
1612,172.15584013671486,167.09420223436715,0.06853145,0.022900533,0.18394631,-0.29303357,44.881462,139.00632546254448
1613,172.5997682628594,166.0068833295122,0.055853404,0.02128515,0.17037517,-0.31308797,46.083557,139.00632546254448
1614,173.4965539604661,163.9051402434694,0.07291173,0.012443799,0.15304549,-0.38022247,54.446564,139.00632546254448
1615,174.0208458859229,162.61420078664216,0.07650957,0.0031616087,0.12101667,-0.41217336,57.359993,139.00632546254448
1616,174.59562050109554,163.79643371185412,0.072310634,-0.011985617,0.08115725,-0.426305,58.584633,139.00632546254448
1617,175.35095512071626,168.42436462394855,0.07192512,-0.01440408,0.07310756,-0.41450796,57.118076,139.00632546254448
1618,175.42585275544968,174.31900939238096,0.05047773,-0.0054112445,-0.028280823,-0.36310422,52.645866,139.00632546254448
1619,174.3738140492428,177.44997905093481,0.06270089,-0.013016582,-0.008414565,-0.38892508,55.615875,139.00632546254448
1620,172.98067072464917,175.6164291002499,0.07570913,-0.019092157,-0.04181025,-0.3861323,56.30195,139.00632546254448
1621,172.8221479993214,168.114863844859,0.06473998,-0.013407145,-0.047332145,-0.39214027,56.12262,139.00632546254448
1622,174.63459354613912,155.82805278722208,0.060438298,-0.018617949,-0.051488053,-0.4027555,54.39571,139.00632546254448
1623,176.72201190686087,143.91963551008263,0.047067378,-0.016306622,-0.09235999,-0.42206258,58.998775,139.00632546254448
1624,176.8094358883427,139.48357196657562,0.09239511,-0.03243783,-0.07300438,-0.42147377,58.962574,139.00632546254448
1625,174.74727335289646,145.22879810743413,0.0051060827,-0.0038474547,-0.18841836,-0.40777642,59.666916,139.00632546254448
1626,170.8844637425402,157.7597376747596,-0.0055016954,-0.0028250525,-0.23206969,-0.4296014,63.403915,139.00632546254448
1627,164.81971329134254,170.8378946193481,-0.00718294,-0.0069994037,-0.22442351,-0.43960083,62.99117,139.00632546254448
1628,158.59694761476604,179.12675270180281,0.02904175,-0.03329821,-0.1336587,-0.48401913,66.60658,139.00632546254448
1629,157.29096501581878,180.65766813447334,0.054063708,-0.05149442,-0.08931979,-0.48976725,65.69995,139.00632546254448
1630,163.3944326659795,177.48860593035954,-0.0688072,-0.004460193,-0.43550816,-0.37872872,67.05792,139.00632546254448
1631,172.49916540302831,173.14412753481236,0.025299896,-0.026427457,-0.31993392,-0.44067624,77.09124,139.00632546254448
1632,176.94403245623462,168.4989430189614,0.051419556,-0.050985087,-0.24207592,-0.49377486,81.432724,139.00632546254448
1633,174.18675698960988,163.23194494648996,-0.07368276,0.05061933,-0.49503842,-0.37340838,79.821304,139.00632546254448
1634,169.5197540009598,160.71022394052153,-0.004415846,-0.039474774,-0.36479184,-0.53181726,88.47141,139.00632546254448
1635,168.75201756729757,164.630547659445,0.048172984,-0.06499487,-0.23950201,-0.68456876,95.69335,139.00632546254448
1636,171.61042386318155,172.33720934587942,0.07453766,-0.068957366,-0.20123209,-0.739236,100.745186,139.00632546254448
1637,174.74648082095044,177.8501984093945,0.082017854,-0.059866175,-0.2209811,-0.7021386,101.129845,139.00632546254448
1638,176.69690698797717,178.93909554429632,-0.051774774,0.02359099,-0.53420496,-0.6567415,112.614,139.00632546254448
1639,177.66304105915387,177.5297997635883,-0.053265456,0.010651686,-0.5819652,-0.65883046,120.35637,139.00632546254448
1640,177.86360766225314,176.03843342883835,0.07990719,-0.00707295,-0.33599114,-0.9553646,131.50691,139.00632546254448
1641,177.19772735802007,175.2888388931007,0.13229668,-0.058287896,-0.32425272,-1.1029195,146.72447,139.00632546254448
1642,175.44923747087944,174.1709086900659,0.11570509,-0.042473923,-0.32824177,-1.1464504,155.83984,139.00632546254448
1643,172.68855726619253,171.21000555476698,0.09890275,-0.053399816,-0.38507918,-1.2135472,169.42194,139.00632546254448
1644,168.92305997106334,167.10843043042456,0.12811092,-0.069508635,-0.31164274,-1.2799041,173.64952,139.00632546254448
1645,163.92886030491258,163.76982318267056,0.14654796,-0.093235075,-0.31874356,-1.2864138,176.03363,139.00632546254448
1646,158.42214951406487,161.76887463434238,0.13279635,-0.09992537,-0.340223,-1.2628666,171.48961,139.00632546254448
1647,154.89971553209273,160.9092811662194,0.07399451,-0.08469142,-0.399521,-1.1607157,159.9374,139.00632546254448
1648,156.33499810353106,161.0955314005002,-0.02741627,0.03558934,-0.6755248,-1.0891362,166.10257,139.00632546254448
1649,163.10358713193003,162.59425925002884,-0.14509064,0.07097956,-0.7870208,-0.99042857,164.00957,139.00632546254448
1650,170.90476688848426,166.0333168227381,-0.19496332,0.039565884,-0.8092094,-0.9329426,147.1513,139.00632546254448
1651,173.4966926056586,169.65173096986194,0.024479691,-0.090435274,-0.38517797,-1.1505113,158.90468,139.00632546254448
1652,169.82209819006,167.13575514484418,0.07360022,-0.07391658,-0.48479027,-1.2037026,177.00157,139.00632546254448
1653,163.72832812591446,153.9977518724611,-0.024015581,-0.02774624,-0.75917643,-1.1372266,184.49611,139.00632546254448
1654,153.8150759579189,138.66785493830474,-0.11695691,0.07196156,-1.0524981,-0.9269608,190.25296,139.00632546254448
1655,136.33069817285403,137.56444231012765,0.07235498,-0.074920535,-0.80541044,-1.2021734,208.24583,139.00632546254448
1656,121.12392721335387,154.17541186652463,0.04601007,-0.058102604,-0.88740766,-1.2319494,204.65752,139.00632546254448
1657,125.04807129385827,173.73324531077114,0.047852457,-0.057575263,-0.9225641,-1.2009681,202.74942,139.00632546254448
1658,147.72906044229498,180.58745245546578,0.069377124,-0.052653376,-1.0053692,-1.160568,206.3783,139.00632546254448
1659,171.8171263799038,170.9289571375,0.17971313,-0.16712268,-0.899835,-1.2102429,213.3614,139.00632546254448
1660,183.75787208036013,150.4403325058834,0.1814813,-0.19118501,-0.8852935,-1.1867759,209.56029,139.00632546254448
1661,182.47077753291418,128.88296462069965,0.17371921,-0.13537046,-0.8931759,-1.0112807,196.18582,139.00632546254448
1662,173.473177723433,115.092141956323,0.136727,-0.109039605,-0.8769123,-0.86022377,184.73016,139.00632546254448
1663,162.77689215456877,111.90428844798511,0.1287445,-0.10821589,-0.9266739,-0.8532136,185.10538,139.00632546254448
1664,155.26517677613649,116.24333774468039,0.12270889,-0.1204542,-0.9335903,-0.86650157,184.06029,139.00632546254448
1665,153.6955252764083,123.28314611875021,0.07232995,-0.0741225,-0.99913555,-0.6991836,175.2365,139.00632546254448
1666,156.72093746829705,129.0055852154971,0.060854547,-0.078531325,-0.9819244,-0.6885159,174.10628,139.00632546254448
1668,159.2894044667622,131.3475810498864,0.028742736,-0.08343718,-0.90666753,-0.80629325,165.83665,139.00632546254448
1669,157.29052640628296,131.74653664955633,0.04724477,-0.08314827,-0.7621925,-0.79849297,154.1265,139.00632546254448
1672,152.69596216052247,134.35444965223948,0.08825809,-0.08402907,-0.6176349,-0.9831955,161.96754,139.00632546254448
1673,151.85716893896603,142.0076942392202,0.09296899,-0.07215871,-0.72297853,-0.98150104,167.10573,139.00632546254448
1674,157.4351487624365,152.62929114923378,-0.06723924,0.081122346,-1.0815613,-0.65925896,166.96262,139.00632546254448
1675,165.49756719545795,159.6101028963648,-0.029780725,0.055027712,-0.9519123,-0.7168492,159.70401,139.00632546254448
1676,171.2471104897811,158.56772625082073,0.045887563,0.028409913,-0.7448295,-0.744911,157.20148,139.00632546254448
1677,173.0100857194701,153.8993998432938,0.068039685,-0.0043607415,-0.70159304,-0.7938649,159.8743,139.00632546254448
1678,170.11808182996765,152.6932141265516,0.11442165,-0.060208,-0.62746114,-0.74459237,149.81326,139.00632546254448
1679,161.80186514792382,153.9270665886454,0.10402903,-0.059780333,-0.6530578,-0.76285166,152.43396,139.00632546254448
1680,149.4922595199654,150.5917135661556,0.17085157,-0.09354902,-0.7148085,-0.71090204,152.74594,139.00632546254448
1681,136.55417555427485,139.07331681404605,0.13103959,-0.05285316,-0.7212731,-0.62144035,155.65215,139.00632546254448
1682,124.72756490966333,122.27753446328363,0.097070895,-0.032764066,-0.79403734,-0.56713235,154.49896,139.00632546254448
1683,113.06666427524779,106.28696023361896,0.043566577,-0.030636277,-0.83098435,-0.5454943,155.36687,139.00632546254448
1684,102.49244009080797,95.81264752810786,0.064133175,-0.038261812,-0.84486413,-0.55361307,153.92781,139.00632546254448
1685,99.61700452156168,91.87041017360079,0.07142281,-0.009011935,-0.8731142,-0.49899125,152.99886,139.00632546254448
1686,110.26445832622373,92.02663454495834,0.07220876,0.008786027,-0.8306199,-0.4979792,149.89604,139.00632546254448
1687,130.35812259611714,92.73983644521714,0.08584313,-0.03878739,-0.8343762,-0.58895355,153.53741,139.00632546254448
1688,148.6358895656213,93.48196977069334,0.056787334,-0.038832836,-0.8188973,-0.5945773,150.6425,139.00632546254448
1689,156.8973631914312,97.83322781518059,0.11872378,-0.03617771,-0.8840891,-0.5816231,154.2785,139.00632546254448
1690,156.00458703478367,106.32480011927676,0.083551124,-0.035920408,-0.8472576,-0.5910362,148.21167,139.00632546254448
1691,153.76390761271557,111.7834046146477,0.11124314,-0.055539683,-0.7378274,-0.5429419,136.83385,139.00632546254448
1692,156.6803407917313,108.52225721629199,0.10596933,-0.06929085,-0.75545347,-0.5687279,141.50041,139.00632546254448
1693,163.55926614909848,101.14482350924872,0.099719435,-0.11503286,-0.78374267,-0.61574036,145.65686,139.00632546254448
1694,168.12120927613694,99.14790664153969,0.10187665,-0.11175555,-0.8148503,-0.6456047,146.01541,139.00632546254448
1695,166.13068159715147,106.12043053119383,0.035929628,-0.091152295,-0.85792243,-0.5946428,142.31001,139.00632546254448
1696,158.47827349775667,116.72348426917222,0.025328437,-0.07571878,-0.85751104,-0.54513067,140.29163,139.00632546254448
1697,149.1469843689969,123.47888554636444,0.012871245,-0.043486446,-0.8172292,-0.48217487,131.89496,139.00632546254448
1698,141.9479968765119,124.57181905024972,0.0019837718,-0.031393692,-0.8254159,-0.40750527,131.22145,139.00632546254448
1699,138.61428366173521,124.00159464313643,-0.011310748,-0.012267727,-0.87131226,-0.34476992,131.46313,139.00632546254448
1700,138.39827268734575,125.82623801424167,0.017968547,-0.026217796,-0.7856628,-0.41918594,131.4968,139.00632546254448
1701,140.07087338948406,130.8956098574516,-0.028599596,0.04249017,-0.85537577,-0.321456,124.51872,139.00632546254448
1702,144.9082927791813,137.31623628448975,-0.034109194,0.056241773,-0.8723814,-0.20628175,118.700294,139.00632546254448
1703,154.3841264424093,140.7854328270952,-0.007472734,0.08005647,-0.8987,-0.21431409,122.605865,139.00632546254448
1704,164.8039600223525,137.65123681154174,-0.011336215,0.045584816,-0.57652324,-0.21875365,88.48942,139.00632546254448
1705,169.94916993884024,129.88906239172323,0.04087764,0.04398195,-0.5737597,-0.21427128,86.0811,139.00632546254448
1706,168.81328276666508,123.21297241693465,0.088047765,0.027552165,-0.4889238,-0.31355196,83.949356,139.00632546254448
1707,165.5881481775255,120.93541826886279,0.02358089,-0.000260156,-0.18397748,-0.19229303,32.274326,139.00632546254448
1708,164.14349422852823,123.03791227616377,0.041052833,-0.048977382,-0.16900216,-0.3640434,42.636738,139.00632546254448
1710,166.09247924801417,129.16044755424383,-0.1033243,0.0037657854,-0.17241777,-0.5552851,70.39921,139.00632546254448
1711,170.4953626765355,139.98637027601242,-0.096368805,0.0010384285,-0.16625921,-0.56324077,72.387215,139.00632546254448
1712,172.96485536655032,154.00593335282505,-0.09000651,0.0045170547,-0.12250823,-0.57918054,75.762726,139.00632546254448
1713,168.70092864376014,164.17354336034842,-0.03697113,-0.006456918,0.056294244,-0.6267724,81.66548,139.00632546254448
1714,158.78775194009773,164.183782559241,-0.03801483,0.004083242,0.10138444,-0.61508274,82.847275,139.00632546254448
1715,151.448815618051,157.51427351794035,-0.04504848,0.002616269,0.13052674,-0.5935302,82.83074,139.00632546254448
1716,154.08772915105862,153.18638292852611,-0.06721904,0.006830796,0.08872966,-0.5782651,81.96202,139.00632546254448
1717,164.88104046497912,154.6570709327536,-0.06496128,-0.015672147,0.07811529,-0.60564864,79.60756,139.00632546254448
1718,171.25982534366017,157.62327317569068,-0.049612734,-0.02926239,0.14984195,-0.6172861,83.122406,139.00632546254448
1719,155.10337114159717,156.02774426488344,-0.09245483,-0.041831985,-0.0134200975,-0.5156731,61.969707,139.00632546254448
1720,112.13188999214765,150.57471927988016,-0.1408355,-0.024153452,-0.1445532,-0.4291228,50.73243,139.00632546254448
1721,67.67047089345333,149.59608002240068,-0.15108894,-0.0038437224,-0.21410772,-0.3070416,36.57188,139.00632546254448
1723,54.84561601301842,155.53267004872075,0.050866313,-0.046392288,-0.5850809,-0.66094416,120.16965,139.00632546254448
1725,80.22042060536447,158.9465750339687,-0.0752336,0.018949015,-0.62195593,-0.52535003,107.63475,139.00632546254448
1726,120.28192761554376,154.00782161407156,-0.060681548,0.005670303,-0.6697482,-0.5842086,121.190834,139.00632546254448
1729,146.67461736167854,148.1699765576472,-0.03232389,0.02687598,-0.3239335,-0.1906041,49.61334,139.00632546254448
1730,152.8567823025869,150.77200043288315,-0.07030556,0.04361224,-0.33324313,-0.071856186,39.153778,139.00632546254448
1731,153.00646817228662,161.93167785354711,-0.08344114,0.057550017,-0.2547915,0.008127405,23.019323,139.00632546254448
1741,158.38462880928228,173.74644307621955,-0.07124937,-0.09632731,0.123616464,-0.36302364,38.596275,139.00632546254448
1745,166.23079147774746,177.90880406017402,0.12819949,0.06486841,0.6062693,-0.6715544,117.983734,139.00632546254448
1746,168.92740457831542,173.41444995392797,0.14146592,0.07099932,0.5563472,-0.7351297,125.05003,139.00632546254448
1747,164.95646954903637,167.14680012418054,0.11830621,0.05892061,0.44640133,-0.87984383,134.80688,139.00632546254448
1748,160.09138425190562,166.2752754001925,0.140385,0.039799914,0.43320033,-0.9641609,138.37434,139.00632546254448
1749,160.265012461203,171.34404954187445,0.14405715,0.0044639255,0.4140905,-0.9859699,138.88345,139.00632546254448
1750,165.4813126454674,177.21678009317327,0.15742478,-0.008968466,0.35644993,-0.9888336,139.97107,139.00632546254448
1751,171.21770664481312,179.15414193964244,0.16591036,-0.017284896,0.34197363,-0.9838698,140.68651,139.00632546254448
1752,173.6423688281248,176.99413037466886,0.1733551,-0.008323674,0.34452644,-0.97634065,140.44691,139.00632546254448
1753,172.2794030157936,174.05089108367872,0.16924037,-0.010193285,0.35373113,-0.990247,140.68166,139.00632546254448
1754,169.25279232662407,173.05853368951543,0.16428795,-0.016028902,0.35609382,-0.9768796,139.33131,139.00632546254448
1755,167.3884202525591,173.90836499956652,0.16830423,-0.009878903,0.3717469,-0.9729112,139.07414,139.00632546254448
1756,168.30849990792024,174.7561634672568,0.15434693,0.0013363456,0.35515574,-0.98284143,140.09207,139.00632546254448
1757,171.19437079251946,174.42150914418474,0.16443044,0.004112221,0.32420003,-0.9914558,140.86595,139.00632546254448
1758,172.85446081740486,173.4912074011597,0.15507832,0.003995645,0.2728641,-0.98496616,140.09337,139.00632546254448
1759,169.96982173653493,173.27002492238358,0.15504277,-0.0026461268,0.31076214,-1.0016348,140.78873,139.00632546254448
1760,163.24483250879024,174.08290181338026,0.11611102,0.0042318706,0.25551555,-1.0159383,143.06812,139.00632546254448
1761,158.33865017048322,175.0197341899172,-0.10716725,0.0039589815,-0.18351382,-0.99090016,138.68684,139.00632546254448
1763,160.27552738575855,175.30404139727017,0.04855367,0.09211388,-0.015868858,0.07254817,19.355724,139.00632546254448
1764,163.9939268567853,174.03233008808354,0.045801945,0.06898173,-0.32048848,-0.008672745,64.86781,139.00632546254448
1765,154.7310264633942,168.70845630549974,-0.053573254,0.08670944,-0.6009735,-0.05549358,83.014336,139.00632546254448
1766,131.12790236575833,159.76067023712164,-0.08432347,0.09453432,-0.58170223,-0.02779454,73.59863,139.00632546254448
1767,115.35319703664652,154.7668817686066,-0.085866846,0.07802923,-0.6963926,-0.13371097,84.43376,139.00632546254448
1768,122.58448492129789,156.0089564230558,-0.045944206,0.07680639,-0.72760385,-0.13610417,84.56082,139.00632546254448
1769,141.91820127873228,150.64445791922208,-0.040651955,0.069999084,-0.64584637,-0.124048084,82.30391,139.00632546254448
1770,156.26878401832118,133.9407679800202,-0.091395766,0.073261686,-0.7152823,-0.11508774,94.122154,139.00632546254448
1771,161.03755154143713,125.33446159812877,-0.034620725,0.09266954,-0.49280217,0.0048053116,71.76833,139.00632546254448
1773,160.76296539126005,138.26913491088507,-0.105114214,0.05057718,-0.55492854,-0.43086794,101.05127,139.00632546254448
1774,158.45523502422918,159.0012609740704,-0.05046587,0.002752604,-0.33819532,-0.4528609,79.67092,139.00632546254448
1775,153.21303384651665,167.80181829011082,0.023093948,-0.07966789,-0.19786257,-0.8337701,105.97862,139.00632546254448
1776,144.65205730058142,158.27222469244407,0.18619068,-0.104822665,0.015618141,-0.9927195,117.94531,139.00632546254448
1777,135.50887503957048,136.148583893697,0.21909086,-0.060969587,0.039365444,-1.3424209,169.7689,139.00632546254448
1778,131.25021395084067,115.84589756560558,0.22536007,-0.03519768,0.27602616,-1.4603063,189.08281,139.00632546254448
1782,136.12294110195234,114.4128549167643,-0.11215028,-0.13684732,0.4011465,-1.0573179,144.77766,139.00632546254448
1784,147.88582136889488,135.73906668958753,-0.19638434,-0.06028418,-0.11113359,-0.6638608,87.14702,139.00632546254448
1785,157.71360971975773,162.6322857695553,-0.19797899,-0.031420697,-0.19624373,-0.4670588,66.61251,139.00632546254448
1788,157.87684581623068,171.6091676193225,0.15943193,0.085159265,0.44831973,-1.1557181,167.71371,139.00632546254448
1789,151.23073454726674,151.8143410108955,0.13538463,0.081213675,0.39949125,-1.232421,176.95793,139.00632546254448
1790,147.94743173471204,109.99218227016097,0.16247883,0.065666445,0.41649053,-1.291368,184.15097,139.00632546254448
1791,151.72431939584305,66.0761226484082,0.05970657,0.047737855,0.1032608,-1.3081131,185.41774,139.00632546254448
1792,156.42051797073483,45.28113989525107,0.058612924,0.033969346,0.1179162,-1.2861644,183.92516,139.00632546254448
1793,154.7444170073567,62.211452611234016,0.10023865,0.011168705,0.12782748,-1.2627335,179.74419,139.00632546254448
1794,146.19610259458153,105.54858209899582,0.15899351,-0.027158748,0.08782306,-1.3131329,178.94806,139.00632546254448
1795,138.6350246360058,148.39872386380523,0.18800035,-0.015793554,0.15768099,-1.2148457,165.43372,139.00632546254448
1796,140.86882461093882,173.37387625149006,0.19751723,-0.011500212,0.16082513,-1.1349525,156.35515,139.00632546254448
1797,153.1052132165391,180.00352976446086,0.07384819,0.0032342768,0.06676651,-0.9464297,129.56502,139.00632546254448
1798,167.23589699911065,176.0580868594819,0.1472068,0.013334476,0.19823173,-0.8745044,121.74756,139.00632546254448
1799,175.19705485819733,168.54599925521464,0.10354143,0.019016415,0.18451849,-0.9088687,129.09029,139.00632546254448
1800,175.33193341587292,161.23440042907853,0.13859689,0.021338718,0.33643192,-0.9853732,140.81696,139.00632546254448
1801,171.7192335950078,157.2048195203647,0.1717091,0.027968416,0.35528243,-0.85148746,123.65954,139.00632546254448
1802,168.87454690458898,158.47505739194645,0.19503532,0.020848485,0.38329506,-0.78396493,116.37691,139.00632546254448
1803,168.34011005567814,163.093461525006,0.2063857,0.010883961,0.41278544,-0.8383336,124.48887,139.00632546254448
1804,169.7542578913726,166.9094500753124,0.19960573,0.014022737,0.38153708,-0.8467275,123.21152,139.00632546254448
1805,172.43798562479384,168.2500723019984,0.18822122,0.0052797394,0.39948916,-0.8221964,120.909424,139.00632546254448
1806,175.34220248427778,168.31594082606435,0.20322168,0.004708933,0.41717112,-0.8103591,120.18886,139.00632546254448
1807,177.38696522854607,168.02557268638571,0.19343959,0.01279726,0.4323,-0.82056594,121.3246,139.00632546254448
1808,178.19571347982995,167.3240907998469,0.21808976,0.014297822,0.46746188,-0.83625597,124.17137,139.00632546254448
1809,178.08225435967748,166.77772130351124,0.19687717,0.015142616,0.45983362,-0.83247215,124.40175,139.00632546254448
1810,177.69242869495343,167.32207352153247,0.19560547,0.009474947,0.46150684,-0.8275755,123.86004,139.00632546254448
1811,177.43389522425284,168.89313832454548,0.19401874,0.014249523,0.4706908,-0.8210784,121.8669,139.00632546254448
1812,176.85587406259853,170.76429999069668,0.19656377,0.017198617,0.50468695,-0.79727364,120.88865,139.00632546254448
1813,175.34884782699982,172.54580824823947,0.19167931,0.01481045,0.5022237,-0.7775202,118.92276,139.00632546254448
1814,173.87293787066892,174.15628111306486,0.16789424,0.013925919,0.5018036,-0.80478674,123.45922,139.00632546254448
1815,174.14364822447902,175.41912363306304,0.19874984,0.025389688,0.52548075,-0.70262545,110.55008,139.00632546254448
1816,175.79009807756142,175.87924685709166,0.16049287,0.027271373,0.5268708,-0.72624105,113.724754,139.00632546254448
1818,175.86516155701636,173.25276416248073,-0.18551922,0.0134850815,-0.3148995,-1.1143398,155.44664,139.00632546254448
1820,170.46252808694416,163.66851690832726,0.16465898,0.046554968,0.43031448,-0.9519808,141.20364,139.00632546254448
1821,158.97448030645563,150.18863588302204,-0.020442992,0.020928396,0.10114415,-1.0245532,143.21136,139.00632546254448
1822,148.42510504021115,145.04167477368372,0.113100015,0.02171567,0.25768858,-0.9886729,142.39377,139.00632546254448
1823,148.00660255714908,154.17706278865506,0.18257308,0.025729977,0.43044662,-0.9489193,139.7771,139.00632546254448
1824,158.7368278727583,169.47226039647907,0.06289935,0.010856079,0.3654701,-0.94270694,138.35004,139.00632546254448
1825,172.91275177985383,180.1117686120112,0.1673162,0.041228466,0.54643804,-0.8703114,134.62752,139.00632546254448
1826,182.07272775296948,182.47986755871068,0.19929135,0.038811103,0.63634837,-0.8472433,134.17696,139.00632546254448
1827,183.3903505612977,179.50804708150181,0.20728143,0.02227616,0.63830405,-0.77246195,124.26326,139.00632546254448
1828,179.98422207485888,175.8388862488346,0.18687746,0.06057156,0.6824292,-0.80156654,129.83861,139.00632546254448
1829,176.6907039827421,174.20423399689864,0.16047288,0.050218448,0.6566301,-0.822224,134.07443,139.00632546254448
1830,175.92881456138528,174.475704487506,0.041783907,0.04328447,0.4705989,-0.88726497,139.82326,139.00632546254448
1831,176.83998446056802,174.36256119782823,0.14020476,0.053940546,0.6257406,-0.86711705,142.73242,139.00632546254448
1832,177.37684852400633,171.806967328485,0.08031026,0.049268935,0.54103774,-0.86574906,141.17798,139.00632546254448
1833,176.46904967032253,167.69166583503986,-0.02988133,0.035519965,0.1855342,-0.8578164,126.8095,139.00632546254448
1834,174.16431644027332,164.77623636208742,-0.08299591,-0.006311582,0.04937113,-0.89890504,129.25945,139.00632546254448
1835,171.4845132258792,164.4731110469076,-0.050482832,-0.028577203,0.15898253,-0.8998249,129.08638,139.00632546254448
1836,170.33270588795563,166.44987409761973,-0.10582778,-0.016864914,-0.039241184,-0.8979948,124.667,139.00632546254448
1837,171.47769186302875,170.02182615263857,-0.14069703,-0.015335811,-0.08690266,-0.8742508,116.490715,139.00632546254448
1838,173.67443909123295,174.20383005534433,-0.13159572,-0.011529191,-0.095145166,-0.9167559,119.720665,139.00632546254448
1839,175.72314265068303,177.23029864945482,-0.122997224,-0.008970442,-0.09669578,-0.87308437,116.414536,139.00632546254448
1840,177.41152081247955,177.82981434739105,-0.06065202,0.010724135,0.0126421815,-0.81286013,118.770584,139.00632546254448
1841,178.67511680654363,176.87967589775243,-0.045531552,-0.0039326367,-0.016321275,-0.8199857,114.494644,139.00632546254448
1842,179.29223741083857,176.31011529752118,-0.106120236,-0.001357202,-0.15902464,-0.8059838,112.49287,139.00632546254448
1843,179.29779046764583,176.7462281129161,-0.10446861,-0.0030680844,-0.1959587,-0.8638261,119.44752,139.00632546254448
1844,179.16063317117784,177.2643527340155,-0.07613277,0.0034544764,-0.106217064,-0.8815163,121.386765,139.00632546254448
1845,179.1765528480967,177.01313563138586,-0.09770913,0.0018575357,-0.14919147,-0.8573954,117.24612,139.00632546254448
1846,178.91970530796624,176.2057687860825,-0.077372946,0.000651817,-0.08676224,-0.8556284,118.202835,139.00632546254448
1848,177.29397436475836,175.36391927624405,-0.08372983,0.050352808,-0.2883727,-0.16174392,44.127277,139.00632546254448
1849,172.97618921574838,174.67132351106324,-0.081850566,0.032799415,-0.31799492,-0.34476858,59.879154,139.00632546254448
1850,166.21103838938708,174.3883953819109,-0.064460285,0.010064195,-0.24699539,-0.40146637,59.72187,139.00632546254448
1851,160.31565401175988,174.6167682780064,-0.077802226,0.0345766,-0.22615656,-0.37371376,58.316154,139.00632546254448
1852,159.0378655818525,174.82037985305374,-0.10001582,0.031699073,-0.24224058,-0.35344177,53.41165,139.00632546254448
1853,162.4678590184746,174.277310499145,-0.10439039,0.021031361,-0.22969118,-0.31427282,48.46586,139.00632546254448
1854,167.29243326356598,172.50395701285183,-0.10876452,0.02410252,-0.23087713,-0.29497454,46.03873,139.00632546254448
1855,170.52467627507443,169.68604408787075,-0.10678207,0.024568167,-0.23195991,-0.29803494,46.727066,139.00632546254448
1856,171.72059158817584,166.9602303771795,-0.09947531,0.020091945,-0.23692548,-0.30151817,44.79375,139.00632546254448
1857,171.92298293015102,165.580098369219,-0.09354682,0.012770696,-0.2266615,-0.31271562,46.887524,139.00632546254448
1858,172.1732346175258,166.19595639110113,-0.104255594,0.02243796,-0.22519805,-0.23782867,36.98666,139.00632546254448
1859,173.32654952458444,168.75390733396583,-0.11778809,0.028150195,-0.24803118,-0.23361042,36.522488,139.00632546254448
1860,175.59378435249133,172.17953888577878,-0.118118286,0.02008031,-0.2613178,-0.24422193,36.401714,139.00632546254448
1861,177.9756038649245,174.8412420515333,-0.118214004,0.017352074,-0.2613389,-0.26654792,40.042175,139.00632546254448
1862,179.0312792487369,175.96482382128926,-0.09843249,0.0012783868,-0.23250175,-0.38207462,56.129192,139.00632546254448
1863,178.13277660533439,175.8005800478026,-0.09600305,-0.003974459,-0.2109674,-0.40274957,59.45431,139.00632546254448
1864,176.1376911927102,174.43804240731728,-0.09507395,0.0007970433,-0.1925229,-0.41239995,59.962982,139.00632546254448
1865,174.98274647859188,172.03608788898558,-0.092083804,0.0005027487,-0.1806488,-0.4220256,60.57005,139.00632546254448
1866,175.85602227149522,169.85732583369338,-0.098148406,-0.01529827,-0.1584576,-0.41987815,65.132484,139.00632546254448
1867,177.8925712325225,168.93929544062715,-0.10222396,-0.02559452,-0.12651573,-0.4773443,64.118515,139.00632546254448
1868,179.30978412582937,168.75450610885682,-0.10475088,-0.024727333,-0.12598355,-0.48791915,65.24052,139.00632546254448
1869,179.2454856837866,168.63425686423793,-0.10467447,-0.025684532,-0.10479654,-0.4528172,59.00722,139.00632546254448
1870,177.96413639101868,168.4612162788596,-0.10815332,-0.03219041,-0.08179656,-0.4422013,59.300255,139.00632546254448
1871,176.00619564128672,167.69923380064637,-0.1115382,-0.0376348,-0.07495654,-0.4571652,60.070305,139.00632546254448
1872,173.8616536493701,166.1873604140593,-0.113152266,-0.036447745,-0.07680024,-0.43688884,57.771534,139.00632546254448
1873,172.04695263276022,165.50487588120467,-0.13732241,-0.028733516,-0.10557459,-0.39640683,50.620907,139.00632546254448
1874,170.81939883118392,167.46446225236863,-0.12830499,-0.048146203,-0.112465546,-0.4089303,50.620876,139.00632546254448
1875,169.99537206551918,171.70706760066895,-0.1326958,-0.0459363,-0.112430416,-0.39534974,46.350555,139.00632546254448
1876,169.45252529739457,175.9087190436114,-0.14256987,-0.045853317,-0.10698756,-0.35961175,47.120075,139.00632546254448
1877,169.6422817556346,177.33673624433538,-0.097755864,-0.036987375,0.049336113,-0.42313087,58.341553,139.00632546254448
1878,171.2616615208903,174.02856969792134,-0.1343147,-0.043851543,-0.038255006,-0.38234654,53.18195,139.00632546254448
1879,174.309208065498,166.32872152317057,-0.12860048,-0.041979298,-0.03508703,-0.3813136,53.576946,139.00632546254448
1880,177.5031615284078,157.440688184887,-0.13242577,-0.05120353,-0.034563206,-0.36654618,53.005234,139.00632546254448
1881,178.9786797853992,151.4153167151852,-0.13162269,-0.063069716,-0.060229734,-0.34230316,48.985126,139.00632546254448
1882,177.91746732734302,150.45464644191304,-0.13384838,-0.063744806,-0.040431093,-0.46324453,57.410793,139.00632546254448
1883,175.12751420871882,153.6025023152675,-0.117183916,-0.051171914,0.002993221,-0.4946527,63.15628,139.00632546254448
1884,171.67756298590686,157.67984682226228,-0.12571396,-0.049310647,0.0015517152,-0.45273817,61.146164,139.00632546254448
1885,167.48137565177902,160.03800790283069,-0.12522921,-0.05622838,-0.004003987,-0.4524395,61.86982,139.00632546254448
1886,161.85921476095376,160.4148903618933,-0.12751639,-0.05149003,-0.008706115,-0.46325693,64.00199,139.00632546254448
1887,155.64041397694382,160.22636474768888,-0.12716512,-0.041000582,-0.017514097,-0.47368675,67.1759,139.00632546254448
1888,152.23770176162807,160.89146136754766,-0.12703955,-0.044686895,-0.027849205,-0.49275357,67.25606,139.00632546254448
1889,155.25314373654095,162.8706699936135,-0.12984133,-0.04547,-0.07587422,-0.4481548,59.77924,139.00632546254448
1890,163.78140822310104,165.59917690227164,-0.13132367,-0.046073295,-0.08615225,-0.4357907,56.395393,139.00632546254448
1891,171.5254965613125,168.16006658503952,-0.12897326,-0.036355756,-0.10179937,-0.39609662,51.146175,139.00632546254448
1892,173.00748148126777,169.82898218097176,-0.121810526,-0.017785229,-0.094098754,-0.41461313,51.76622,139.00632546254448
1893,169.45454527029995,169.80315797482982,-0.13004199,-0.016983466,-0.12231152,-0.40287843,51.981953,139.00632546254448
1894,166.55856416616405,167.49222487011158,-0.1336451,-0.012559936,-0.17411439,-0.48244843,60.40124,139.00632546254448
1895,167.49043579718125,164.10143256719408,-0.038640518,0.003748222,0.05703805,-0.5153093,63.7209,139.00632546254448
1896,169.98672638063485,162.65414465523335,-0.103588186,-0.005006192,-0.067684904,-0.500053,62.178604,139.00632546254448
1897,170.79187107665464,164.76301049431956,0.011799446,-0.0022704923,0.11836593,-0.66041726,90.19091,139.00632546254448
1898,170.34018927143967,168.7420172817684,-0.08337901,0.008101938,-0.19672711,-0.486677,69.229454,139.00632546254448
1899,170.93542105062664,172.30046027136865,-0.10945652,0.01590991,-0.29555959,-0.47165743,68.094604,139.00632546254448
1900,172.93408665037822,174.93741480921736,-0.108577475,0.023074629,-0.32098463,-0.4593605,65.28291,139.00632546254448
1901,174.93176045058198,176.86400420952734,-0.10557855,0.008433226,-0.2950428,-0.4584664,65.162704,139.00632546254448
1902,176.03356872463075,177.96121766420353,-0.08749759,0.020187447,-0.23510638,-0.46242848,63.656925,139.00632546254448
1903,176.2159382117863,178.26504873089206,-0.103521444,0.031076455,-0.25675312,-0.47482947,66.2792,139.00632546254448
1904,175.28685677755638,177.53031384987221,0.035776827,-0.002805733,0.05534056,-0.61849505,78.75645,139.00632546254448
1905,173.07028883511688,174.76842741356685,-0.11828689,0.034314465,-0.35473114,-0.44402435,65.16912,139.00632546254448
1906,170.61297003995773,170.78402057080896,-0.14064538,0.050114386,-0.34554994,-0.445166,65.6663,139.00632546254448
1907,169.72485046016254,169.0055469050685,-0.14653303,0.05381914,-0.3738852,-0.39195037,59.89768,139.00632546254448
1908,170.91107131512817,170.91720563385445,-0.1638794,0.048524033,-0.37794188,-0.35881034,54.857204,139.00632546254448
1909,173.02682748589692,174.1729593378788,-0.15910086,0.043985464,-0.38912618,-0.3852749,57.804173,139.00632546254448
1910,174.81488346622848,176.3709049874612,-0.16255863,0.03188371,-0.37465623,-0.38065422,57.317722,139.00632546254448
1911,175.8467845552422,177.21695284446142,-0.16838525,0.0309792,-0.39321053,-0.38203895,56.61841,139.00632546254448
1912,176.50831734844883,177.2417378826517,-0.1754593,0.028174564,-0.39522678,-0.28984472,46.595734,139.00632546254448
1913,177.35578412590144,176.45319902779553,-0.17725514,0.030038027,-0.38037968,-0.30613774,49.73605,139.00632546254448
1914,178.27330549771247,174.1308107902898,-0.1687106,0.029821122,-0.37606788,-0.34697476,55.183285,139.00632546254448
1915,178.57527371893855,169.8114078888631,-0.16225083,0.034380767,-0.36960724,-0.3600401,56.19735,139.00632546254448
1916,177.86914512050453,164.9443912333443,-0.16776131,0.018709715,-0.35526067,-0.41689712,63.741447,139.00632546254448
1917,176.55327083191193,162.6838359873579,-0.16566558,0.021852665,-0.32908043,-0.43188232,65.7863,139.00632546254448
1918,175.64802535284255,164.39447678159982,-0.1634829,0.025114823,-0.3206632,-0.5140252,77.07617,139.00632546254448
1919,176.0341680954117,167.6714196580666,-0.15592411,0.01880346,-0.28886008,-0.5922223,87.72771,139.00632546254448
1920,177.47121427210706,170.00078019890864,-0.15437853,0.008356386,-0.2720797,-0.6486308,92.33339,139.00632546254448
1921,178.4968114966635,171.47630013827225,-0.16811433,-0.01183084,-0.25565013,-0.6568422,91.15362,139.00632546254448
1922,177.83719600525592,171.918019193375,-0.16900261,-0.025658406,-0.26319882,-0.65068704,88.35538,139.00632546254448
1923,175.7031839400218,169.8208809718479,-0.17509706,-0.03238975,-0.25264242,-0.60475224,81.71934,139.00632546254448
1924,173.06529946853288,165.65526625856307,-0.17294204,-0.067755155,-0.23435247,-0.6449072,80.92464,139.00632546254448
1925,170.42025551695187,162.3291838661846,-0.1799419,-0.05718536,-0.24584587,-0.607075,76.97352,139.00632546254448
1926,167.984526689684,161.75049893884494,-0.19184364,-0.053380057,-0.21580829,-0.70033115,89.87807,139.00632546254448
1927,166.2211193294633,163.1766123211362,-0.18426904,-0.050706707,-0.17606612,-0.69332844,85.719696,139.00632546254448
1928,165.79996595985037,164.76498648832904,-0.18083103,-0.05940448,-0.16262537,-0.64087903,83.18465,139.00632546254448
1929,167.20212368167043,165.13223095997202,-0.18410306,-0.042574473,-0.15419851,-0.63359946,81.04502,139.00632546254448
1930,170.00457227497554,163.53320424681775,-0.18191469,-0.044750124,-0.1478573,-0.58220387,75.42535,139.00632546254448
1931,172.81716509985569,159.84024144684363,-0.19764523,-0.060804494,-0.1224305,-0.5910757,79.036804,139.00632546254448
1932,174.47491554665788,154.87190401262177,-0.1900377,-0.054778535,-0.09975544,-0.5998179,82.02926,139.00632546254448
1933,175.14678051696836,150.30184498657846,-0.18261501,-0.074804835,-0.052641522,-0.6684886,87.69124,139.00632546254448
1934,175.86109837440375,147.81508962200127,-0.19313541,-0.083593935,-0.078630775,-0.64786106,83.91992,139.00632546254448
1935,176.9519383722765,148.25679471172205,-0.1875582,-0.08370129,-0.076485425,-0.640893,82.20275,139.00632546254448
1936,177.50434656311532,151.1568371011768,-0.18849126,-0.08641657,-0.0698689,-0.6336605,80.52929,139.00632546254448
1937,176.39159327003136,154.86625848109742,-0.18995515,-0.082379654,-0.09573038,-0.6322326,82.53041,139.00632546254448
1938,173.13685162643972,157.68357570889054,-0.19264233,-0.07414094,-0.07888852,-0.7479893,98.14459,139.00632546254448
1939,167.40815150579638,158.91142447919634,-0.20256425,-0.074977174,-0.082485475,-0.70960784,95.20509,139.00632546254448
1940,158.92512786745357,158.78514942585892,-0.19925359,-0.068331234,-0.06891477,-0.732276,92.58438,139.00632546254448
1941,149.7672451708073,158.1810802796748,-0.19280611,-0.058666382,-0.035365846,-0.6931748,86.023056,139.00632546254448
1942,145.0757904863362,158.5959247094206,-0.21846649,-0.07459451,-0.07922968,-0.64376545,78.92733,139.00632546254448
1943,147.97676109275864,161.16637306848168,-0.19440919,-0.062593535,0.017207617,-0.8681614,107.52605,139.00632546254448
1944,155.8538470470908,165.00779624055863,-0.20226218,-0.041124295,-0.025637988,-0.7717171,98.25855,139.00632546254448
1945,163.96551292824282,167.63562789779164,-0.19753239,-0.010444,-0.08094737,-0.73022985,103.151344,139.00632546254448
1946,169.7867827442726,167.96267164292183,-0.20302486,-0.002294971,-0.16739337,-0.754347,103.17671,139.00632546254448
1947,173.32958834806547,167.7835006205254,-0.1818071,-0.009555957,-0.214859,-0.70763594,95.09282,139.00632546254448
1948,175.55321556926083,169.1636357289068,-0.2161995,0.006732222,-0.301096,-0.676733,92.353386,139.00632546254448
1949,176.8725965672278,171.79519898494848,-0.23202577,0.014112969,-0.39342788,-0.66995734,92.74034,139.00632546254448
1950,177.215626892999,174.15086443954073,-0.23303127,0.015235481,-0.45846906,-0.65984714,90.30571,139.00632546254448
1951,177.02677658865466,175.52553877329686,-0.22666942,0.018856041,-0.48138824,-0.65993685,92.1781,139.00632546254448
1952,177.00679761035778,176.05349592620493,-0.20820953,0.023866732,-0.47862247,-0.6842073,96.5542,139.00632546254448
1953,176.90492345419062,176.0953853857094,-0.20559393,0.03734918,-0.48270595,-0.76923144,106.95962,139.00632546254448
1954,175.69359529121667,176.21077177811742,-0.2213069,0.051496617,-0.49091017,-0.6771665,101.504105,139.00632546254448
1955,173.24868877640614,177.02217967248242,-0.20362377,0.04688582,-0.4856482,-0.62995476,92.963295,139.00632546254448
1956,171.01961277240773,178.43262095033023,0.1374155,-0.012429089,0.24107173,-0.89004976,118.7748,139.00632546254448
1957,170.61053725320104,179.40074069783134,0.24672228,-0.030973712,0.33817557,-0.8893322,119.45101,139.00632546254448
1958,172.13348106990009,179.13964642295903,-0.07998842,0.05443561,-0.3201732,-0.8020281,119.9262,139.00632546254448
1959,174.26934137122845,177.99129924025124,-0.22676776,0.055863943,-0.4952966,-0.6995193,104.68849,139.00632546254448
1960,175.55034754746063,176.3777217255443,-0.21850073,0.034735546,-0.47378293,-0.7127137,101.39178,139.00632546254448
1961,175.26208795297293,173.73027169894027,-0.20945916,0.04161508,-0.41708428,-0.65020466,88.272026,139.00632546254448
1962,173.7633606305606,170.05162397629036,-0.20253484,0.047470454,-0.4674127,-0.5725199,78.47943,139.00632546254448
1963,172.28668228236862,167.5352337921653,-0.22002654,0.03407374,-0.46854466,-0.65567917,90.120155,139.00632546254448
1964,171.86313099423782,168.42728454597972,-0.2230685,0.046930056,-0.5061011,-0.62809813,90.85104,139.00632546254448
1965,172.47186194608244,171.96810241234576,-0.21508072,0.04388513,-0.4939943,-0.53096706,79.651566,139.00632546254448
1966,173.5135791494088,174.4479846829853,-0.20266832,0.032037824,-0.43506995,-0.5086289,73.78025,139.00632546254448
1967,174.63808359457465,172.16772649144653,-0.2034051,0.036819756,-0.44193807,-0.45226297,65.33018,139.00632546254448
1968,175.81451464717802,165.02172213513708,-0.1871626,0.019631019,-0.40688223,-0.36140376,51.96647,139.00632546254448
1969,176.9647285849268,157.0645294064641,-0.17971927,0.0023032038,-0.40060335,-0.34601286,51.459114,139.00632546254448
1970,177.72430997568543,152.82977714311806,-0.18489517,0.026057312,-0.40170237,-0.4799799,72.04569,139.00632546254448
1971,177.7502375239169,152.09124690941394,-0.17371921,0.028721001,-0.35868287,-0.5398363,80.54163,139.00632546254448
1972,177.4285136533247,150.12438585352405,-0.16274875,0.009772425,-0.31830359,-0.57250917,84.33169,139.00632546254448
1973,177.55911663046282,147.1817144964189,-0.16158958,0.0040096953,-0.25868902,-0.6087277,88.997025,139.00632546254448
1974,178.13885720740686,150.6322450823744,-0.14626957,-0.0018221897,-0.20981438,-0.513033,74.81643,139.00632546254448
1975,178.3973897697412,161.76639862005794,-0.12328628,-0.0076775653,-0.15198949,-0.47559237,67.769005,139.00632546254448
1976,177.99219019641822,171.7244181709573,-0.111115366,-0.01854045,-0.13014035,-0.42038113,58.12732,139.00632546254448
1977,177.21889639333614,174.09783780768868,-0.11911017,-0.018718718,-0.1217833,-0.37649688,50.20764,139.00632546254448
1978,176.16744752828603,171.91719064994138,-0.11587809,-0.03097481,-0.08863174,-0.33005476,46.092175,139.00632546254448
1979,174.6610900738221,171.33048801273915,-0.11925419,-0.040363256,-0.060224466,-0.37417236,50.35512,139.00632546254448
1980,173.1995723733623,173.96826277201743,-0.12020261,-0.0338385,-0.02705271,-0.4128175,54.845406,139.00632546254448
1981,173.03032910573384,176.46287446320653,-0.11577535,-0.04663993,-0.0040751183,-0.41662127,55.350685,139.00632546254448
1982,174.69889916852043,174.79317513618213,-0.109443784,-0.046634663,0.068923555,-0.44146124,61.664806,139.00632546254448
1983,177.0304021950468,167.96082598786006,-0.10079387,-0.036294945,0.08497814,-0.42539302,59.19944,139.00632546254448
1984,178.2201925181724,158.41063792359014,-0.086555764,-0.054456905,0.1015627,-0.40402073,58.365585,139.00632546254448
1985,177.80697707198422,149.8066508554879,-0.084571995,-0.052083228,0.08795248,-0.3407409,51.668175,139.00632546254448
1986,176.7220664724141,144.86716256670206,-0.057288326,-0.050401326,0.15761545,-0.35540888,55.9369,139.00632546254448
1987,175.47752353627624,144.2834504716322,-0.052267425,-0.04954951,0.22132623,-0.36120453,57.903416,139.00632546254448
1988,173.58699338193333,147.17058149625927,0.010008431,0.00716384,0.34374577,-0.26291913,58.024258,139.00632546254448
1989,170.88559468627386,152.93724130690038,-0.03171181,-0.01825812,0.29455322,-0.27387267,55.506927,139.00632546254448
1990,168.0841793233524,160.8504250796668,-0.010389554,-0.017004542,0.28667828,-0.2501122,52.22089,139.00632546254448
1991,165.74386983025988,168.11857105017128,-0.02397255,-0.02121885,0.26405373,-0.24665247,51.31166,139.00632546254448
1992,163.95316036956126,171.73728147757564,-0.031306535,-0.02399253,0.24372774,-0.24668387,50.458805,139.00632546254448
1997,162.3921683470882,171.606548099108,-0.016276544,-0.040641636,0.33409187,-0.26943654,60.11968,139.00632546254448
1998,159.6126249462098,169.37505978710342,-0.030137042,-0.04438832,0.31712884,-0.29025614,59.76647,139.00632546254448
1999,154.83152381984067,166.18852232134333,-0.057460006,-0.0476024,0.31459358,-0.31506142,62.698425,139.00632546254448
2000,150.19353799122126,163.3459728673608,-0.045748156,-0.05074447,0.2966055,-0.36382475,66.14838,139.00632546254448
2001,147.22401692386728,161.81254194876624,-0.02974099,-0.04734444,0.3361536,-0.39167428,72.28829,139.00632546254448
2002,143.71975464008105,160.62742434977972,-0.027684988,-0.048165523,0.34809485,-0.3807205,74.343315,139.00632546254448
2003,138.220430855409,158.5942714061138,-0.042761523,-0.03737673,0.35254452,-0.36148334,74.65788,139.00632546254448
2004,133.2039178023782,155.52177486136924,-0.032103907,-0.028708488,0.42557392,-0.37830588,80.52361,139.00632546254448
2005,130.8021352894686,149.9484683411255,-0.011760588,-0.020255724,0.5088414,-0.34853777,85.81913,139.00632546254448
2006,128.7833541087122,139.7473271573697,-0.015471927,-0.037551597,0.5736525,-0.3602728,89.68675,139.00632546254448
2007,122.3524632694869,127.39210248655156,-0.027682135,-0.046815343,0.5652182,-0.37331012,89.77056,139.00632546254448
2008,110.49183753348807,119.14084613607673,-0.030891603,-0.057825323,0.6173528,-0.39883164,94.084114,139.00632546254448
2009,99.97318793261078,116.43081259970906,-0.071438834,-0.053808384,0.61821693,-0.39255312,96.32529,139.00632546254448
2010,98.93874839212376,113.87810627150309,-0.05225118,-0.05005006,0.6657451,-0.41263178,99.363304,139.00632546254448
2011,107.69778872265182,107.26201235190068,-0.059943452,-0.017511023,0.61751854,-0.31856912,95.11247,139.00632546254448
2012,119.9311121440273,98.5962719794994,-0.076776095,-0.049336772,0.5477087,-0.3918979,90.04256,139.00632546254448
2013,129.22353049114108,92.36135319380438,-0.08142773,-0.016946802,0.5571975,-0.32669467,93.73962,139.00632546254448
2014,131.77589995239177,92.40771849694124,0.011850379,-0.03484312,0.5923157,-0.3409444,98.7138,139.00632546254448
2015,127.92890214745746,103.59856680611098,0.015172473,-0.06147519,0.72712547,-0.2998446,106.11987,139.00632546254448
2016,122.44201143020466,127.09434433820766,-0.023169251,-0.05445449,0.94738823,-0.33244368,127.324615,139.00632546254448
2017,120.0740621540647,153.57661395121698,0.032493155,-0.048138518,0.959636,-0.33302733,129.12173,139.00632546254448
2018,120.50880769774186,170.05665512394236,0.050216034,-0.048900325,1.0007848,-0.318524,132.26765,139.00632546254448
2019,118.73460643902513,171.1960640526145,0.049511526,-0.076628126,1.0526614,-0.43435293,139.51135,139.00632546254448
2020,112.09005179558619,159.6113466808354,-0.023655094,-0.050540406,1.0561569,-0.47609645,155.53244,139.00632546254448
2021,105.16718974452027,140.50244801195322,0.03436013,-0.06693715,1.0455724,-0.5085019,148.81084,139.00632546254448
2022,104.24108512879512,121.296872593185,0.011492968,-0.034691527,1.099958,-0.47513673,152.24666,139.00632546254448
2023,109.4543524418873,110.4528648571319,-0.014838551,-0.0057177236,1.0374353,-0.42397523,149.942,139.00632546254448
2024,115.61520271012947,110.13037681442079,-0.04756837,-0.0067225625,0.9273382,-0.44630495,139.85507,139.00632546254448
2025,118.98301117165143,115.37408785117208,-0.07019645,-0.019627398,0.8849049,-0.47131735,143.18427,139.00632546254448
2026,120.3982079040535,120.8509424239188,-0.061527222,0.031653192,0.77571183,-0.40229458,130.73912,139.00632546254448
2027,122.4712119692234,124.24507452997021,-0.03279239,0.038711652,0.78779054,-0.4138195,122.18523,139.00632546254448
2028,126.94076923996599,127.11001226234481,0.03615839,0.05724837,0.96689904,-0.46591446,144.07637,139.00632546254448
2029,134.3365889830687,132.98852371056864,-0.028374786,0.013092542,0.83434504,-0.5328697,145.81697,139.00632546254448
2030,143.3095266898427,142.45300913661916,0.030839352,0.0070496784,0.81658465,-0.54380155,138.58922,139.00632546254448
2031,150.21620023607977,153.13873489968324,-0.004539667,-0.00087596825,0.78885704,-0.58045256,135.83801,139.00632546254448
2032,152.75881711798414,163.16358922476874,-0.03987829,-0.027358092,0.7449041,-0.6075536,130.67268,139.00632546254448
2033,153.21411964818262,170.31638959577927,-0.011633912,-0.03010894,0.6923179,-0.59394383,123.00225,139.00632546254448
2034,153.95874099488242,171.48225983563935,-0.049530625,-0.028863924,0.61417055,-0.59994406,117.347534,139.00632546254448
2035,152.35901314111942,165.03515820624597,-0.12465138,0.0033357048,0.36694553,-0.4446393,92.88804,139.00632546254448
2036,143.4487278267062,151.91013966917757,0.027708698,0.04445901,0.6099646,-0.44599608,99.8809,139.00632546254448
2037,126.95677790303343,135.9858090642626,-0.049184192,0.024372775,0.48274413,-0.4714751,93.653786,139.00632546254448
2038,109.1514161791049,122.05520533525879,-0.07795547,0.022716997,0.32502112,-0.38981378,80.41164,139.00632546254448
2039,96.48897768686662,111.067231768067,-0.0485585,0.025077721,0.32563055,-0.38643572,76.34422,139.00632546254448
2040,91.32983953764631,101.64996471378188,-0.04641095,0.007331569,0.29557234,-0.41614178,73.42284,139.00632546254448
2041,94.29445141654918,96.58943109707565,0.01623549,0.01248617,0.41243923,-0.37847844,73.92283,139.00632546254448
2042,105.82965527359715,101.86081800842139,0.058608204,0.015816607,0.419162,-0.40878564,71.55917,139.00632546254448
2043,124.26493973598443,118.78292895186895,0.054370187,0.010086807,0.37240112,-0.4008837,66.4858,139.00632546254448
2044,144.37132188182426,140.7513374627109,0.059058264,0.02589024,0.35328525,-0.35065272,60.68941,139.00632546254448
2045,160.1382712057171,158.67722649678038,0.068994686,0.027366215,0.31351936,-0.3536916,58.589787,139.00632546254448
2046,169.3087829314428,167.82037560882736,0.07615084,0.020700512,0.2679769,-0.35897487,55.212173,139.00632546254448
2047,173.35155477931468,168.85970570754534,0.090949655,0.019958904,0.25488436,-0.3770251,56.52558,139.00632546254448
2048,174.08334884517689,165.2930187510433,0.09079861,0.01882805,0.21239486,-0.37408522,54.61534,139.00632546254448
2049,172.3176212300616,160.9668343527978,0.10701873,0.016442737,0.19242674,-0.3256883,46.533207,139.00632546254448
2050,168.5524315121848,158.52396464243975,0.10275657,0.010196798,0.16342056,-0.32861674,44.84297,139.00632546254448
2051,163.52637302629054,158.76749985828056,0.08378735,0.00073941384,0.12435851,-0.32261494,41.941475,139.00632546254448
2052,158.32982758246092,160.71107964815334,0.10092867,-0.007924768,0.078666784,-0.3163734,42.50873,139.00632546254448
2053,154.53419052452023,163.1426915936331,0.11816263,-0.013577947,0.083025984,-0.38066223,53.69632,139.00632546254448
2054,153.9811012414558,166.13768155786613,0.117277004,-0.023172764,0.04126052,-0.39948478,56.781338,139.00632546254448
2055,157.4179309167583,169.96385051175355,0.10650501,-0.027304742,0.014583664,-0.46495825,63.8859,139.00632546254448
2056,162.950664102203,173.65722540383572,0.09194549,-0.031042207,-0.028177198,-0.53227323,72.02929,139.00632546254448
2057,167.29018933678668,175.6346300104536,0.073818,-0.030292915,-0.102074236,-0.6171785,83.53766,139.00632546254448
2058,169.4828065282427,175.2233821902336,0.044930805,0.0046940045,-0.17266893,-0.58390176,87.34219,139.00632546254448
2059,171.29649671408188,173.3952351455412,0.07577543,-0.017656798,-0.04973524,-0.610998,84.34422,139.00632546254448
2060,173.5268391253673,171.97737926023456,0.07852627,-0.012006693,-0.03682843,-0.6170024,85.92122,139.00632546254448
2061,175.17116495233722,171.8635666911526,0.10022614,-0.016907286,-0.0867494,-0.64821476,90.464836,139.00632546254448
2062,175.7953526861111,172.20934682563248,0.071931705,-0.013297593,-0.12461758,-0.66904944,94.70069,139.00632546254448
2063,175.73877690354908,172.44476317008017,0.035343453,-0.00849799,-0.14932032,-0.69321036,97.045876,139.00632546254448
2064,175.07095527213522,173.60293269281124,0.100003526,-0.0078009474,-0.05496207,-0.72788054,99.81695,139.00632546254448
2065,174.2356594385576,175.70824149218365,0.10081846,-0.008860452,-0.08489077,-0.7385204,102.475586,139.00632546254448
2066,174.0918268650528,176.56451588671473,0.1141099,-0.032185797,-0.017485555,-0.76328975,103.327034,139.00632546254448
2067,174.0609198069735,174.56688861201795,0.11471979,-0.031077994,-0.02995987,-0.8080873,111.8318,139.00632546254448
2068,172.48440743327455,170.33069290866732,0.11324579,-0.041208927,-0.058511607,-0.912728,121.27215,139.00632546254448
2069,169.22832076618616,165.79649413811927,-0.12127177,0.027473131,-0.48970225,-0.7361354,113.60761,139.00632546254448
2070,165.91814428088375,163.01368350475056,-0.12530561,0.051551722,-0.68334526,-0.751415,132.1049,139.00632546254448
2071,163.3539966347211,163.15235400755492,-0.12577675,0.05787033,-0.7414819,-0.7610854,134.2125,139.00632546254448
2072,159.79870516291956,166.32618290217536,-0.16147147,0.081055164,-0.815577,-0.79006386,136.84367,139.00632546254448
2073,153.90767246651149,171.452969734781,-0.11237158,0.0543917,-0.66820794,-0.85696393,140.65202,139.00632546254448
2074,148.72975977696015,175.17416534764874,0.09668846,-0.049317893,-0.58380365,-1.0639864,169.08905,139.00632546254448
2075,148.8512182984842,173.30127096958213,-0.13983439,0.058827527,-0.879055,-0.93840414,161.19736,139.00632546254448
2076,153.5860691734972,166.93211250965808,-0.2012997,0.08062355,-1.0353928,-0.89433396,166.67436,139.00632546254448
2077,157.05100407791713,163.33349904533736,-0.21030483,0.07641868,-1.1349286,-0.86549246,177.48427,139.00632546254448
2078,155.1811804680606,166.42059822594004,-0.16972621,0.05841852,-1.0872014,-0.9688543,186.1935,139.00632546254448
2079,149.6753162141246,171.9287651514078,-0.13248987,-0.017721344,-0.84577435,-1.1665605,190.24751,139.00632546254448
2080,145.88160540452077,174.39731644860936,-0.23275246,0.10487206,-1.1113275,-0.9920277,199.78471,139.00632546254448
2081,147.81869130504128,173.6120878131452,-0.21645506,0.12707248,-1.3309066,-0.89823127,210.00172,139.00632546254448
2082,154.0911712128532,172.4800321016996,-0.21352726,0.12100964,-1.4746305,-0.82304025,209.18492,139.00632546254448
2083,160.15966497930555,171.63324119956786,-0.18576322,0.110179245,-1.4677308,-0.6973379,197.5238,139.00632546254448
2084,164.05484489282466,169.01109865217825,-0.19329788,0.10987386,-1.4444892,-0.6117183,188.38823,139.00632546254448
2085,166.61086516964497,163.81876080580298,-0.17826547,0.13903877,-1.3648727,-0.5104164,169.55475,139.00632546254448
2086,168.599941637369,158.39947945806327,-0.05283472,0.0069761323,-1.056409,-0.6872276,157.60683,139.00632546254448
2087,170.63934100365321,155.9974757017972,-0.07102149,0.03608155,-1.0837243,-0.7321525,166.61731,139.00632546254448
2088,172.62632584172943,156.9179959324797,-0.033761002,0.06443307,-1.0377787,-0.6761645,165.45601,139.00632546254448
2089,172.85597352628062,157.11610902677512,-0.08863657,0.09211279,-1.1300514,-0.64073807,167.65749,139.00632546254448
2090,171.1181883240924,153.24764252363374,0.007564502,0.056165155,-0.95714706,-0.75272083,176.49957,139.00632546254448
2091,170.30368673317594,149.1897804596542,0.1379762,-0.039540198,-0.73263574,-1.1056377,189.3659,139.00632546254448
2092,172.1978932868404,151.95581691439892,0.027638445,-0.029539889,-0.8712306,-1.0411701,185.46399,139.00632546254448
2093,175.15415635016836,161.4745171824351,-0.06868294,0.047275722,-1.0191156,-0.92280996,182.282,139.00632546254448
2094,177.14282960017053,170.85406911033013,0.12116025,-0.092847146,-0.6525112,-1.2061844,192.22212,139.00632546254448
2095,177.30271092901754,174.96908206027288,0.15983501,-0.13674656,-0.56347156,-1.3217952,193.61374,139.00632546254448
2096,174.6262564172021,173.60785930138871,0.122085825,-0.12484677,-0.5094267,-1.0936885,166.35019,139.00632546254448
2097,169.65782170094843,168.79687943093668,0.07795986,-0.098018,-0.6299564,-0.90652674,152.56822,139.00632546254448
2098,165.8784811058104,162.32189492959805,0.10694277,-0.08466354,-0.7343938,-0.92755467,164.49947,139.00632546254448
2099,164.53020239022337,154.56945522615962,0.06519312,-0.0883481,-0.7640485,-0.9280008,162.27539,139.00632546254448
2100,161.19877481575725,144.71583617413611,0.13402227,-0.103832535,-0.75973713,-0.89770514,165.19435,139.00632546254448
2101,151.29775756032024,132.11894772640548,0.14097863,-0.09793259,-0.78234506,-0.8227259,157.03664,139.00632546254448
2102,136.6569369273624,118.19760079208461,0.12890477,-0.09766563,-0.8268425,-0.7718445,163.4338,139.00632546254448
2103,125.12603755302771,106.8505152386332,-0.008744315,-0.03416386,-0.99558514,-0.5212312,150.86891,139.00632546254448
2104,123.89031689412974,101.65103900756884,0.063523285,-0.03535992,-0.9287016,-0.5819158,155.5899,139.00632546254448
2105,133.44279287326518,103.40953859511576,0.09678549,-0.05301979,-0.8643453,-0.62432474,153.8698,139.00632546254448
2106,148.11263776098627,111.50312983830985,0.014866872,0.01988404,-0.9963008,-0.46310577,149.66403,139.00632546254448
2107,161.1656056008174,125.32545509010139,-0.01702452,0.048185937,-1.0780934,-0.44480702,155.44362,139.00632546254448
2108,168.9162559723706,142.63662826213005,-0.14105679,0.12642835,-1.2180969,-0.30764642,155.58199,139.00632546254448
2109,171.65095218387566,158.2994194143819,0.0774716,-0.06379376,-0.9821418,-0.65595114,168.13539,139.00632546254448
2110,172.11948534893895,165.30994469836062,0.09055053,-0.08184025,-0.990544,-0.7093986,170.81976,139.00632546254448
2111,172.38952669342686,157.59731191621412,0.0058823796,-0.011883311,-1.0632824,-0.52385515,160.86353,139.00632546254448
2112,171.0153153337342,136.65613719767947,-0.042261187,0.027667206,-1.1000977,-0.4006668,153.96384,139.00632546254448
2113,164.2806976594715,114.69975204265036,-0.051391896,0.00031108948,-1.0238656,-0.3771489,146.52132,139.00632546254448
2114,151.6803816366101,105.10476386519845,-0.03973954,0.020753203,-1.0193298,-0.32747713,142.3135,139.00632546254448
2115,139.5151357744632,110.87273685621179,-0.011501749,0.04645881,-0.9448563,-0.25578955,137.88779,139.00632546254448
2116,136.47427633498936,124.88976766796432,0.030953513,0.030121014,-0.8783068,-0.2613301,138.4153,139.00632546254448
2117,144.1238985054349,138.1796233346436,0.102184005,-0.0052178293,-0.7778967,-0.29506826,139.49445,139.00632546254448
2118,154.36836872204054,146.19298866901414,0.04638636,0.009998991,-0.80513823,-0.2907545,135.73051,139.00632546254448
2119,159.0892892759668,149.22454454554457,0.0013589583,0.01567061,-0.8679278,-0.32894826,138.75607,139.00632546254448
2120,159.3242922583659,148.49844173071352,-0.031164711,0.11020998,-1.013133,-0.20173638,147.6525,139.00632546254448
2121,161.2938057346034,143.8403493155595,-0.00056465925,0.035183407,-0.8404066,-0.38989896,133.6086,139.00632546254448
2122,167.00188278657274,137.72087191802763,-0.0041607395,0.042042308,-0.8577499,-0.42626,131.91342,139.00632546254448
2123,173.41938721618166,137.1303886324876,-0.019308625,0.053630114,-0.86475414,-0.4700079,131.1261,139.00632546254448
2124,177.70982779807315,145.08893493711142,-0.030020025,0.025854018,-0.8598338,-0.60720384,137.62602,139.00632546254448
2125,178.72035534935242,155.6099140590522,0.05107751,-0.04174483,-0.79262614,-0.69601035,145.67737,139.00632546254448
2126,175.39661980149344,161.39505304760817,0.01727831,-0.03907016,-0.81530255,-0.66035694,143.02357,139.00632546254448
2127,168.28260655332502,160.42393431610245,-0.004527373,-0.06299485,-0.7220481,-0.65923834,125.70822,139.00632546254448
2128,161.59851150814325,154.69248585716596,-0.08365782,-0.008876698,-0.81861407,-0.51905996,114.898026,139.00632546254448
2129,159.09929793636437,147.9321947130955,-0.041441422,-0.039321095,-0.772972,-0.5246459,117.58808,139.00632546254448
2130,158.25377960944556,142.55406142724053,-0.028922759,-0.00418928,-0.7867947,-0.45780912,127.65412,139.00632546254448
2131,152.6924374531321,136.84326726667507,-0.034406453,0.017415304,-0.815126,-0.41601017,129.35614,139.00632546254448
2132,140.5850906195506,128.98637298351946,-0.04137161,0.03065384,-0.83519423,-0.36264473,131.77512,139.00632546254448
2133,126.8837857264443,121.33907835600499,-0.013347209,0.0019525969,-0.85709125,-0.3962202,132.06279,139.00632546254448
2134,118.0510538968036,117.70065601985635,-0.023345103,0.014450183,-0.8521999,-0.39885953,130.23468,139.00632546254448
2136,118.70865567942063,121.03448007971183,-0.10930591,0.012110096,-0.2641973,-0.49080458,68.29405,139.00632546254448
2137,130.78365294996527,132.53220395513762,-0.12730344,0.0066239885,-0.29857126,-0.4403016,62.853474,139.00632546254448
2150,150.7004879015517,149.0187248686083,0.1300635,0.00040746795,0.26798832,-0.8080241,113.03561,139.00632546254448
2151,169.46423929006735,164.07614567546335,0.124784864,-0.0036492092,0.29328316,-0.7877541,110.47259,139.00632546254448
2152,179.57065692648177,173.03035104648194,0.11947219,-0.00038112304,0.29865283,-0.7527158,106.39457,139.00632546254448
2153,180.64681409434488,175.679922560385,0.12014607,-1.9319601e-05,0.3136647,-0.7036405,102.324715,139.00632546254448
2154,177.53566979064018,174.8644948943348,0.11652705,-0.00049616245,0.32589686,-0.66266495,98.68541,139.00632546254448
2155,175.13822720232218,173.55162439538287,0.11346764,0.0044509727,0.31186062,-0.65319043,96.72047,139.00632546254448
2156,175.19381972926232,173.2526830247424,0.11685296,0.005410366,0.3431316,-0.6638419,98.6056,139.00632546254448
2157,176.4677157138987,174.03018822774095,0.113403864,0.0119461,0.3528332,-0.66057163,97.51995,139.00632546254448
2158,177.28447327191043,175.08599711545352,0.11559642,0.0057390193,0.34486938,-0.66042715,98.72993,139.00632546254448
2159,177.38294290789358,175.6104008736064,0.11310968,0.010400751,0.35993108,-0.6738407,102.114555,139.00632546254448
2160,177.38769167751013,175.50557373066746,0.11169024,0.006816087,0.36320752,-0.67301303,101.48852,139.00632546254448
2161,177.60479943963844,175.13830426738025,0.117348686,0.008461766,0.36583015,-0.6798638,102.76651,139.00632546254448
2162,177.93692341855672,174.75232126567758,0.11776109,0.007169109,0.36295712,-0.6670441,99.7098,139.00632546254448
2163,178.29806818026222,174.6092018244698,0.1154592,0.009272091,0.35394102,-0.6626098,99.32359,139.00632546254448
2164,178.62747224003127,174.94555305700317,0.11621431,0.004380061,0.35172957,-0.6757915,100.23328,139.00632546254448
2165,178.83230218142847,175.51005288060452,0.11735275,0.0059142127,0.35164353,-0.67604005,100.63058,139.00632546254448
2166,178.92512038816412,175.91651295871515,0.12011632,0.010662004,0.3435585,-0.67326856,100.35943,139.00632546254448
2167,178.90423376192913,176.22453920679266,0.124602534,0.009345418,0.3494626,-0.6746097,100.7812,139.00632546254448
2168,178.67871089472044,176.67028552673884,0.12279242,0.0097553,0.3425432,-0.66745377,99.82443,139.00632546254448
2169,178.45433624384523,177.27322879293874,0.12846063,0.009782744,0.35399315,-0.6966022,102.75594,139.00632546254448
2170,178.55933035191907,177.87915610787914,0.12663844,0.00871753,0.3526353,-0.72992086,107.19698,139.00632546254448
2171,178.64040279535627,178.13134605571386,0.1262211,0.00072733907,0.3524085,-0.7424692,109.416,139.00632546254448
2172,177.8766284531169,177.5529432255411,0.1253134,0.004903227,0.35250238,-0.7443201,109.23666,139.00632546254448
2173,176.24945660746832,176.26091245403535,0.12894362,0.0028634723,0.3491527,-0.73889744,108.067,139.00632546254448
2174,174.94826786018896,175.2496129195422,0.12407717,0.0011064862,0.3519805,-0.736852,107.330345,139.00632546254448
2175,175.11595055325145,175.29608315427092,0.13721374,-0.0013697158,0.32696164,-0.7327661,105.31411,139.00632546254448
2176,176.55180055638536,175.85960147386592,0.13996589,-0.0016961731,0.3207515,-0.73480695,105.1672,139.00632546254448
2177,177.98776785772162,175.69962671665485,0.13518144,-0.0023561132,0.3047566,-0.7299494,103.30469,139.00632546254448
2178,178.40081602097067,174.60535283428482,0.13031532,-0.005183581,0.28571823,-0.7290401,102.11079,139.00632546254448
2179,177.90503881452702,173.82867066572766,0.12728325,-0.0077028126,0.2772288,-0.7321246,101.888306,139.00632546254448
2180,177.40189367845022,174.5239581545865,0.12830323,-0.009480875,0.27634296,-0.7422878,101.89384,139.00632546254448
2181,177.508590831429,176.43010206428386,0.12814373,-0.011982982,0.26835212,-0.74252164,100.59171,139.00632546254448
2182,178.0275839217237,178.3776234151042,0.1261976,-0.009364079,0.26677316,-0.7489272,101.358185,139.00632546254448
2183,178.34128943863183,179.5380706835137,0.1245617,-0.00911029,0.23457958,-0.7412784,100.28794,139.00632546254448
2184,178.1363527614553,179.82842510009988,0.11928844,-0.013446003,0.19946006,-0.7524207,101.29789,139.00632546254448
2185,177.6821227562471,179.48474901938425,0.115482144,-0.015158862,0.1854978,-0.7391532,99.139946,139.00632546254448
2186,177.45353808764085,178.8529081015864,0.11136477,-0.0191286,0.18882231,-0.73506975,97.81566,139.00632546254448
2187,177.48289598768145,178.3935457927895,0.11383306,-0.01989348,0.18698014,-0.7380999,97.934555,139.00632546254448
2188,177.04861085985482,178.2678541788752,0.11518215,-0.006470749,0.17221668,-0.72888815,97.42597,139.00632546254448
2189,175.3654039833177,178.10897583332445,0.120458044,-0.0317061,0.1589237,-0.7319861,95.1501,139.00632546254448
2190,172.77743223646561,177.57483618673072,0.1223439,-0.021176258,0.18791945,-0.72652894,95.729965,139.00632546254448
2191,170.7510227910237,176.93046960886073,0.12899467,-0.012415258,0.20827518,-0.72731143,98.14249,139.00632546254448
2192,170.67022121524204,176.83949181545498,0.004634838,-0.0067258556,0.024091871,-0.7008363,95.635414,139.00632546254448
2193,172.77473018459858,177.37133850819683,0.10475098,-0.0028169295,0.20743357,-0.7226784,98.57574,139.00632546254448
2194,175.55014803271263,177.57098294976848,0.097587034,-0.00515043,0.23369351,-0.7396055,101.691185,139.00632546254448
2195,176.6959291524727,176.71646363724588,0.1137132,-0.010725013,0.251729,-0.7647914,105.567345,139.00632546254448
2196,175.64843707458732,175.39195167498576,0.10605511,-0.007786458,0.27413762,-0.7655475,105.67946,139.00632546254448
2197,174.08181374694615,174.81396412240323,0.05670731,-0.009185153,0.17610815,-0.73996663,103.41979,139.00632546254448
2198,173.59050802758713,175.61039691031246,-0.0012523712,-0.011433911,0.06515725,-0.8060627,108.79923,139.00632546254448
2202,172.8929772709108,177.06234908512909,-0.013931189,0.035182532,-0.29208428,0.0077991914,38.272713,139.00632546254448
2203,168.1763871790602,177.5155636900846,-0.009792842,0.018427167,-0.280698,-0.03712327,38.324352,139.00632546254448
2204,157.436986024077,174.7160595914125,-0.009553982,0.009359249,-0.26735562,-0.05164854,37.76458,139.00632546254448
2205,142.02342141448938,166.23690685689937,-0.005921019,-0.0024636881,-0.269054,-0.089220114,39.332787,139.00632546254448
2206,126.66248865514504,153.0297418709274,-0.0035170456,-0.0012327223,-0.25838122,-0.08937599,38.146538,139.00632546254448
2207,116.06397120473383,138.26605384086616,-0.006855824,0.012624262,-0.22840467,-0.053451188,33.029152,139.00632546254448
2208,106.7903272109489,121.51344720681706,-7.9034735e-06,-0.00284064,-0.24749331,-0.051848102,34.149597,139.00632546254448
2209,96.5680580968119,104.60863197787926,0.006088748,-0.009830823,-0.2283186,-0.048201088,31.859581,139.00632546254448
2210,96.8733815689639,98.23652357761502,-8.781637e-06,-0.0035289007,-0.20027576,-0.045558255,28.051344,139.00632546254448
2217,117.6691026793873,111.88526012747155,-0.07811134,0.04180718,-0.28595555,-0.16317445,42.306484,139.00632546254448
2218,151.1629521190474,141.8093385970309,-0.088895194,0.040053923,-0.2557994,-0.105876245,29.158278,139.00632546254448
2219,179.2335686648211,172.11778066384778,-0.08714106,0.036021616,-0.27084148,-0.15510017,35.64774,139.00632546254448
2220,189.8951720672956,187.79453120708575,-0.08993494,0.037559938,-0.280262,-0.17458004,38.381737,139.00632546254448
2221,185.56559487595143,186.82628503281768,-0.0852956,0.029022431,-0.23306288,-0.14950079,31.397942,139.00632546254448
2222,177.1701438012233,178.34223508735533,-0.09216547,0.026480367,-0.25429162,-0.23634414,44.85888,139.00632546254448
2223,172.88232451215293,171.4199614447305,-0.08519944,0.0007503909,-0.23425192,-0.31288818,48.811375,139.00632546254448
2224,173.6556775756793,168.36970160972902,-0.07517827,0.008452545,-0.2408579,-0.2967504,47.660378,139.00632546254448
2225,176.42013033351768,167.67579796123485,-0.08090346,-0.0106490515,-0.19394903,-0.34817016,51.593437,139.00632546254448
2226,178.49583352489606,169.02702144977363,-0.09322893,-0.0026467852,-0.16101219,-0.29513744,45.34035,139.00632546254448
2227,179.09730522727546,172.32801182924464,-0.09669592,-0.006699511,-0.14057907,-0.37660202,54.831078,139.00632546254448
2228,178.68979234255912,175.06356966699366,-0.09508405,-0.013727235,-0.1117617,-0.38978183,55.097996,139.00632546254448
2229,178.12002790333986,174.75717441112172,-0.09155383,-0.021920942,-0.10128608,-0.3935981,52.84814,139.00632546254448
2230,177.78145426050312,172.29160919861212,-0.08874591,-0.016852181,-0.09286669,-0.33173126,49.15813,139.00632546254448
2231,177.11738119545433,170.2219244587401,-0.092223436,-0.025702754,-0.08805215,-0.36720008,51.43266,139.00632546254448
2232,175.65270056720092,169.31885639165955,-0.09778792,-0.021378895,-0.09916356,-0.37384185,51.418903,139.00632546254448
2233,174.26866004520252,168.4329498501605,-0.09684653,-0.01980808,-0.11057398,-0.3811135,47.95006,139.00632546254448
2234,174.28092814593842,166.7012291417002,-0.08951122,-0.027728457,-0.10901612,-0.296144,39.145702,139.00632546254448
2235,175.68964133638744,164.38964516440194,-0.085181,-0.02233258,-0.08733909,-0.31219047,42.14317,139.00632546254448
2236,177.39581801911564,161.93632964481512,-0.104453616,-0.021394042,-0.107300624,-0.29370448,37.94574,139.00632546254448
2237,178.58868454502556,159.56535865686254,-0.11474218,-0.021139376,-0.1432588,-0.28730795,35.144947,139.00632546254448
2238,179.0924694013214,157.50686451513627,-0.11550136,-0.027317258,-0.122210525,-0.3033601,36.805058,139.00632546254448
2239,179.02567667312834,155.799965845128,-0.115118034,-0.042439237,-0.13248284,-0.31097797,36.877014,139.00632546254448
2240,178.7425577816642,154.65877812200713,-0.11067541,-0.04592708,-0.09832052,-0.3835698,41.880386,139.00632546254448
2241,178.16318386209784,154.92505458602727,-0.11767613,-0.044223666,-0.11923531,-0.33637995,36.7416,139.00632546254448
2242,175.77194219605894,157.2143001769777,-0.11917999,-0.0414625,-0.13209075,-0.26787835,29.495152,139.00632546254448
2243,170.27096193736134,160.98061056286576,-0.11093315,-0.045409404,-0.12790366,-0.31037313,32.40489,139.00632546254448
2244,162.88202116654028,164.24133606895356,-0.09567066,-0.03314014,-0.04502126,-0.3495503,39.313564,139.00632546254448
2245,155.17343797061625,164.13793508553385,-0.10779371,-0.053917713,-0.05845365,-0.29445937,32.36496,139.00632546254448
2246,147.85326033570124,160.4888274862373,-0.10602773,-0.060310304,-0.06522693,-0.27152425,25.63014,139.00632546254448
2247,144.21623872032941,158.16119991637885,-0.11555712,-0.058770224,-0.08294388,-0.28400934,24.698818,139.00632546254448
2248,148.39185261737774,161.3993414135693,-0.11570509,-0.08701504,-0.07095563,-0.31841227,26.955568,139.00632546254448
2249,158.29649705789197,167.8753496085655,-0.10429379,-0.076757215,-0.01768446,-0.3535883,36.146393,139.00632546254448
2250,165.6686400197032,172.49876464557403,-0.11470398,-0.082114235,-0.07519759,-0.35197756,32.807365,139.00632546254448
2251,164.2363460248264,173.95607859477968,-0.10485494,-0.06805154,-0.05333571,-0.32567415,33.864677,139.00632546254448
2252,155.45119575221426,174.44757508988687,-0.121546194,-0.052146897,-0.05569797,-0.3503335,37.962917,139.00632546254448
2260,146.37742683564372,175.65666718192406,-0.07265158,0.0744797,-0.67174,-0.34454906,97.12624,139.00632546254448
2261,144.49266587820122,177.1626234540791,-0.013818564,0.024194287,-0.5725501,-0.42825463,101.60763,139.00632546254448
2262,152.89920242897972,177.35636788638072,-0.06650092,0.041042954,-0.6465413,-0.38210812,100.16268,139.00632546254448
2263,167.11395106004542,174.848072641314,-0.10627295,0.052089814,-0.6739353,-0.3722053,98.31702,139.00632546254448
2264,178.4191330774314,170.15314885399397,-0.094377786,0.055313554,-0.6540454,-0.37370464,98.1287,139.00632546254448
2265,181.61399250858182,165.99307794938204,-0.07422635,0.05971601,-0.6189841,-0.36432013,97.54493,139.00632546254448
2266,178.2023615398747,164.63386721434435,-0.05927078,0.056980968,-0.57309365,-0.36867574,95.70445,139.00632546254448
2267,173.245593104948,165.65326804378338,-0.016679293,0.042625625,-0.48128507,-0.40084946,94.94238,139.00632546254448
2268,170.35000620193753,166.8070260627027,0.0004500589,-0.015298928,-0.4226513,-0.5658396,101.90867,139.00632546254448
2269,169.31988472377654,165.87952121342877,-0.02567564,-0.009140805,-0.5094927,-0.602565,109.45581,139.00632546254448
2270,167.961323710022,162.05009113163769,0.014500019,0.008661109,-0.47259003,-0.5379883,106.602776,139.00632546254448
2271,164.86190856682202,156.56162234953536,-0.008820715,-0.013354454,-0.5572154,-0.5606398,110.77947,139.00632546254448
2273,159.90530944117504,152.22355621147952,0.0379134,-0.07153192,-0.27959678,-0.28857008,52.382427,139.00632546254448
2274,154.02999101653575,152.02302985714,-0.058235865,0.03725895,-0.31751502,-0.06714022,38.467007,139.00632546254448
2275,150.2794292144036,157.18361074537032,-0.0075838217,-0.011225566,-0.21191846,-0.107199855,30.235113,139.00632546254448
2276,151.57368911241807,165.86547840615071,-0.018486662,0.021603046,-0.26789042,-0.06810971,35.71018,139.00632546254448
2277,155.40283811679245,174.12000223867753,-0.065520674,0.052115284,-0.359875,-0.017676337,44.377037,139.00632546254448
2278,157.54042943179493,178.49461398888394,-0.09146075,0.05534429,-0.3077608,0.0345665,31.841087,139.00632546254448
2279,159.60227431600973,178.03281933080225,-0.058144536,0.08499615,-0.29059577,0.02286826,31.29581,139.00632546254448
2280,164.59731739625948,174.6405400898108,-0.06490157,0.08384839,-0.27313524,-0.0074409004,26.244637,139.00632546254448
2281,170.44887697313658,171.96762907698223,-0.0870067,0.07044058,-0.23686577,-0.014151388,21.968994,139.00632546254448
2282,172.9718993180668,172.57566768216088,-0.086139075,0.08309317,-0.2305048,0.048068702,18.55757,139.00632546254448
2283,170.8449012877231,175.4777566157108,-0.09089477,0.055440888,-0.19011804,-0.026477952,19.910698,139.00632546254448
2284,167.00488651465233,177.30085521413505,-0.09687287,0.057082176,-0.16745132,-0.043879423,22.280123,139.00632546254448
2285,165.3838503884394,175.88929505094802,-0.11585613,0.045576036,-0.20453355,-0.054357454,22.869558,139.00632546254448
2286,165.888551828853,172.01333126568196,-0.14050137,0.0409929,-0.18753141,-0.04098763,18.87145,139.00632546254448
2287,166.05577170514778,167.98918874172062,-0.12610255,0.0076892013,-0.19050181,-0.12628059,22.923733,139.00632546254448
2288,166.55156923480754,166.12380730236777,-0.13197438,-0.0015705958,-0.21042426,-0.23968995,33.456245,139.00632546254448
2289,169.564998551076,167.50009994991254,-0.12833396,-0.0099823065,-0.19415541,-0.36489412,50.25107,139.00632546254448
2290,174.02750104998293,170.57592600946322,-0.13251972,-0.020315219,-0.17838621,-0.37068298,48.858658,139.00632546254448
2291,176.67904226044504,172.38624838095564,-0.116770305,-0.025454013,-0.12154795,-0.40643698,53.096344,139.00632546254448
2292,175.64741163915664,171.67090301483444,-0.117779315,-0.03320249,-0.101948656,-0.40166417,52.78696,139.00632546254448
2293,171.56661367506024,169.79922990878995,-0.11141702,-0.029352183,-0.07575786,-0.423047,54.562206,139.00632546254448
2294,166.99000256811178,169.14205803473075,-0.1033142,-0.016075226,-0.07663471,-0.4566293,58.838406,139.00632546254448
2295,164.3606833603287,170.86236443690234,-0.12079317,-0.010948286,-0.13782252,-0.45535246,59.752163,139.00632546254448
2296,163.91590438908932,173.8976641212262,-0.12570913,-0.03292499,-0.16479927,-0.42644793,55.500942,139.00632546254448
2297,164.51698624334384,176.27917231148558,-0.12663472,-0.034499098,-0.1588102,-0.42528588,55.90217,139.00632546254448
2298,164.43282037124646,177.15159094090794,-0.13044506,-0.027384218,-0.1797342,-0.41148666,54.240658,139.00632546254448
2299,161.2943713607437,177.07362621701162,-0.13260184,-0.020680973,-0.19514334,-0.40676454,54.00722,139.00632546254448
2300,155.37361367707598,176.99351119353656,-0.12926657,-0.012770476,-0.20977663,-0.4136849,55.645027,139.00632546254448
2301,151.11862712910434,177.19375680541418,-0.12375214,-0.0018825633,-0.24755873,-0.44501558,60.72472,139.00632546254448
2302,152.38069629900136,177.1474589012168,-0.12170295,0.013282445,-0.2549643,-0.45904163,64.43213,139.00632546254448
2303,158.218668226123,176.5466994262128,-0.12620442,0.022937195,-0.2580967,-0.49069458,68.693054,139.00632546254448
2304,164.26862016514505,175.57790319178167,-0.13039984,0.029805753,-0.28316256,-0.5067426,71.24148,139.00632546254448
2305,167.18389632732422,174.28749081115964,-0.1260301,0.02315081,-0.32614383,-0.4733895,67.17238,139.00632546254448
2306,167.35327845819037,173.0724843689702,-0.13603634,0.031217182,-0.3407161,-0.4670834,67.09558,139.00632546254448
2307,167.13170735450515,173.07475187721846,-0.14350687,0.029001355,-0.35372347,-0.45911935,64.97195,139.00632546254448
2308,167.57807054124243,174.89011904876793,-0.14134088,0.052122746,-0.36558262,-0.30437154,52.261284,139.00632546254448
2309,168.02125624955286,177.53819565912377,-0.14142343,0.049930412,-0.3622816,-0.28991893,49.48959,139.00632546254448
2310,167.66828917710663,179.24940306496495,-0.13565785,0.033029273,-0.35906005,-0.34287044,54.606216,139.00632546254448
2311,166.56566904012143,178.96230468866017,-0.14586386,0.03496277,-0.37004852,-0.35162333,55.97858,139.00632546254448
2312,165.46802423633005,176.99489057485394,-0.13164508,0.038486183,-0.3468202,-0.3819048,58.954662,139.00632546254448
2313,165.20251044785743,174.45772872187973,-0.13465059,0.044742,-0.36485112,-0.3756949,57.85554,139.00632546254448
2314,165.92752920339325,172.32350641874626,-0.12457894,0.051101882,-0.39334664,-0.37631795,60.443165,139.00632546254448
2315,166.9470479303862,171.27902055536777,-0.12073784,0.05031351,-0.35712194,-0.37762707,61.659313,139.00632546254448
2316,167.41433000935646,171.8169552773704,-0.10986179,0.053683024,-0.35694325,-0.42180967,69.01315,139.00632546254448
2317,167.14020674860325,173.63880570397143,0.0060479133,-0.012653021,-0.12702155,-0.5490927,71.054276,139.00632546254448
2318,166.94306087454203,175.16598212054316,-0.118556045,0.02756446,-0.3718009,-0.4133927,65.43446,139.00632546254448
2319,167.97551132646404,174.88810846392195,-0.12902024,0.03166285,-0.3884153,-0.4101426,67.357765,139.00632546254448
2320,170.1675783944289,173.51620045001667,-0.121353,0.037924156,-0.3970872,-0.45136604,74.12359,139.00632546254448
2321,172.28810349815393,172.92959290328864,-0.11753914,0.04128884,-0.40323037,-0.43917602,78.50621,139.00632546254448
2322,173.60179807342362,173.20079812460156,-0.1357136,0.03358537,-0.4036778,-0.4984209,82.84099,139.00632546254448
2323,174.22929591580098,172.6230675495574,-0.1349483,0.022182854,-0.3517915,-0.43275335,75.96942,139.00632546254448
2324,174.46889104612745,169.75156956936635,-0.15046763,0.002347551,-0.32628524,-0.5937795,87.5574,139.00632546254448
2325,174.604119569867,165.58833426355196,-0.15786661,-0.020827847,-0.30721942,-0.5098177,77.71426,139.00632546254448
2326,174.81679302999171,163.9819612675141,-0.15884663,0.0031510708,-0.2980154,-0.37673122,57.935562,139.00632546254448
2327,175.02576610680987,167.13397488735683,-0.15647209,0.004588405,-0.26660392,-0.4006928,60.647858,139.00632546254448
2328,175.22655540886888,172.2467295775682,-0.1837395,-0.008908312,-0.31818593,-0.4525844,63.826363,139.00632546254448
2329,175.79845161513876,175.36579371243892,-0.20908725,-0.012282437,-0.35362598,-0.4467504,61.33298,139.00632546254448
2330,176.95365903762445,175.85580956349293,-0.20332518,0.0043291273,-0.33429715,-0.44139755,62.781055,139.00632546254448
2331,178.1685934377617,175.19271471056177,-0.17350012,-0.010467491,-0.2902217,-0.8093632,114.60907,139.00632546254448
2332,178.53289574483244,173.64948448146828,-0.14332773,0.009834995,-0.20340905,-0.9174186,137.6781,139.00632546254448
2333,177.5033994115248,170.24129530734388,0.09025942,-0.037552476,0.2062947,-0.9930308,126.99529,139.00632546254448
2334,175.08519487502593,165.5041797206703,-0.00312758,-0.02828653,-0.057593048,-0.958702,127.474365,139.00632546254448
2335,171.6501966920862,162.4626081243265,-0.01844539,-0.008357374,-0.10644705,-0.857964,119.32202,139.00632546254448
2337,168.4494287217977,163.3999087191579,-0.15379676,-0.07438244,-0.029733744,-0.6695735,84.99099,139.00632546254448
2338,167.78732044681826,166.71982699336624,-0.16744386,-0.06460672,-0.20064327,-0.58632994,71.13731,139.00632546254448
2339,171.00999267646893,168.79590545988668,-0.19126624,-0.06420606,-0.26694375,-0.5374743,63.841766,139.00632546254448
2340,176.28976094644497,168.2524161951109,-0.18980718,-0.060691427,-0.19546123,-0.6130059,75.987686,139.00632546254448
2341,179.5840573541471,166.831948424647,-0.18399549,-0.04686694,-0.16987637,-0.59176797,78.23939,139.00632546254448
2342,178.24532330437586,166.53302068877238,-0.18432128,-0.055599835,-0.18403018,-0.58985925,76.47172,139.00632546254448
2343,173.47720028907776,167.80596067453587,-0.17916822,-0.02842045,-0.17547071,-0.7227711,96.72257,139.00632546254448
2344,168.60704598405437,170.4654732048254,-0.21634528,-0.034553327,-0.233909,-0.6066065,77.256294,139.00632546254448
2345,165.77436299449798,174.24391135972002,-0.17989315,-0.031141002,-0.17243358,-0.8202434,106.83961,139.00632546254448
2346,165.31387803026087,178.02913912527094,-0.22794539,-0.0070591187,-0.2851147,-0.6029897,79.29393,139.00632546254448
2347,165.58732767813294,179.97010004472497,-0.24451238,-0.020521587,-0.35653093,-0.5738301,73.3472,139.00632546254448
2348,163.02423836022547,178.7988417722313,-0.24012025,0.003977423,-0.39017165,-0.67602104,89.12196,139.00632546254448
2349,156.93842426654598,175.1702112509507,-0.20204921,-0.0006447917,-0.3475078,-0.7932759,107.26391,139.00632546254448
2350,152.47089918389537,171.9735247947086,-0.1999469,0.021480104,-0.3772666,-0.8038366,114.17794,139.00632546254448
2351,153.94397002132843,171.98832111099068,-0.20689316,0.03216999,-0.466679,-0.9602324,137.35184,139.00632546254448
2352,159.30081549269698,174.77404617362615,-0.22056925,0.023531713,-0.5021959,-0.8535471,122.11166,139.00632546254448
2353,164.0186661264567,177.51864563402967,-0.22053412,0.0358372,-0.5164454,-0.6579775,101.793106,139.00632546254448
2354,165.99011097919953,178.53378713877623,-0.21776308,0.050479043,-0.5336166,-0.5512813,86.09399,139.00632546254448
2355,165.65485689836362,178.29407350997306,-0.18921837,0.04759164,-0.48774353,-0.56584775,86.00741,139.00632546254448
2356,164.64334618023466,177.61052364817914,-0.21790007,0.04391543,-0.5478512,-0.5737588,95.928444,139.00632546254448
2357,164.52029540629826,176.39507727437532,-0.21774991,0.051562697,-0.5627361,-0.70791024,114.5111,139.00632546254448
2358,165.49867652419275,174.6151579943478,-0.2404478,0.04989682,-0.60605896,-0.70420986,111.24474,139.00632546254448
2359,166.60472443546834,173.11845662118398,-0.23835558,0.048044555,-0.5686593,-0.7022889,107.59467,139.00632546254448
2360,167.257868987416,172.66567804608542,-0.24697694,0.04890801,-0.6138768,-0.694346,107.50369,139.00632546254448
2361,167.90621987154233,173.169390824926,-0.21811171,0.052310016,-0.59799,-0.70800453,109.659134,139.00632546254448
2362,169.09315913149723,174.23941492480967,-0.21228905,0.052607056,-0.5840368,-0.70469356,108.70425,139.00632546254448
2363,170.710926584296,175.46780158449835,-0.2229359,0.05045643,-0.59120965,-0.70721114,108.754105,139.00632546254448
2364,172.29331162443788,176.18425962815235,-0.22319013,0.048608996,-0.5851648,-0.7049033,106.960106,139.00632546254448
2365,173.6331307175668,175.48899160461409,-0.22590454,0.03946753,-0.6296829,-0.68886375,105.345276,139.00632546254448
2366,174.91525332140924,172.3653420874014,-0.2235335,0.020705562,-0.5529643,-0.7076905,106.576485,139.00632546254448
2367,176.23183381142692,165.755185842562,-0.21717471,0.012714712,-0.52035195,-0.7098263,104.93897,139.00632546254448
2368,177.33936612401772,155.14491404182047,-0.22007748,0.0051095956,-0.48189232,-0.717602,105.99097,139.00632546254448
2369,177.93033017723886,141.9425667857901,-0.22401164,0.005312671,-0.4419227,-0.6920582,103.15818,139.00632546254448
2370,177.64946329113667,130.20294383290897,-0.22316423,0.0047045425,-0.40717727,-0.63874763,96.50255,139.00632546254448
2371,176.21283358980358,124.87736394570638,-0.22691223,-0.0058951126,-0.38201174,-0.6811214,102.39628,139.00632546254448
2372,173.98628706863772,128.5877589042561,-0.22587907,-0.022276597,-0.33601,-0.7091344,105.87819,139.00632546254448
2373,171.97589910280448,139.8293799848195,-0.22842705,-0.034987576,-0.31156984,-0.6247092,93.96227,139.00632546254448
2374,171.04775239804442,154.03545589351194,-0.22460881,-0.047274623,-0.27370298,-0.6058428,91.02701,139.00632546254448
2375,171.35344433446434,166.30031520475208,-0.22836515,-0.047433574,-0.25810108,-0.5948594,86.073395,139.00632546254448
2376,172.4814719163454,173.53973727937353,-0.23827918,-0.049530845,-0.23137417,-0.6814125,95.83793,139.00632546254448
2377,174.08802467390333,175.28924277635423,-0.2472887,-0.05080243,-0.23685831,-0.67632025,93.43645,139.00632546254448
2378,175.99794637161654,173.41965319661963,-0.24799737,-0.03736894,-0.18917139,-0.6989115,97.400345,139.00632546254448
2379,177.49268393661873,170.48854053792803,-0.24717893,-0.062363453,-0.19362104,-0.6387226,88.34516,139.00632546254448
2380,177.4160256460787,167.48554590245163,-0.24181642,-0.05373736,-0.15615858,-0.633422,90.42292,139.00632546254448
2381,175.71076909741976,163.62672745188615,-0.21670137,-0.054128252,-0.09013165,-0.64249134,90.61105,139.00632546254448
2382,174.099180603384,158.9482997131049,-0.20218664,-0.053332858,-0.100170374,-0.61816806,85.003075,139.00632546254448
2383,174.15875274082478,155.59336712545633,-0.20344242,-0.041838683,-0.10151001,-0.61142355,84.11459,139.00632546254448
2384,174.84448887856993,154.73941010711192,-0.17260131,-0.063183,-0.035018094,-0.6518876,85.75657,139.00632546254448
2385,172.381758668239,154.10937771081987,-0.16199398,-0.058554858,0.015525495,-0.6997462,94.328064,139.00632546254448
2386,162.97605320460377,151.1148842675924,-0.1378269,-0.035748288,0.011404712,-0.7062939,97.73241,139.00632546254448
2387,147.60557596357572,147.51035413067444,-0.15184197,-0.012853242,-0.11854331,-0.56407404,80.32116,139.00632546254448
2388,134.41716208956575,148.8668264656904,-0.1818194,0.0031642432,-0.18425411,-0.41604257,62.64901,139.00632546254448
2389,133.02761572251296,158.2977735177673,-0.13604687,0.011100428,-0.12430451,-0.31676462,54.194813,139.00632546254448
2390,145.13986750550586,171.34645322077407,-0.09738572,0.02249504,-0.012181008,-0.35782403,61.62326,139.00632546254448
2391,161.84400204256482,179.62364493236078,-0.08045736,0.025055107,0.10248873,-0.51077324,86.104866,139.00632546254448
2392,171.3992147114748,179.53671297672403,-0.12269922,0.0039570057,-0.09171058,-0.3456516,65.18125,139.00632546254448
2393,170.39904977165511,174.96381833524222,-0.0840249,-0.0022661013,0.09827003,-0.45597684,81.35197,139.00632546254448
2394,165.38675001661224,171.48265147058913,-0.08677442,0.0012072555,0.09359337,-0.6698269,96.43173,139.00632546254448
2395,163.7638530678047,170.6965105041975,-0.09936642,-0.003284332,0.115908384,-0.6634056,95.79737,139.00632546254448
2396,166.82705045518492,170.9592931089987,-0.067936935,0.0007677346,0.14778793,-0.6800481,96.51662,139.00632546254448
2397,171.2999083179052,171.14367721881263,-0.09586079,0.00416513,0.13824888,-0.6737257,95.31336,139.00632546254448
2398,174.13627186128005,171.7152022030895,-0.10408391,0.005123646,0.12369111,-0.53958195,82.06947,139.00632546254448
2399,174.9328912405033,172.91153302269026,-0.107783176,0.005898845,0.09831701,-0.541488,78.45352,139.00632546254448
2400,174.80848768124363,174.0074877342873,-0.09292377,0.0027032073,0.023693735,-0.293926,41.14373,139.00632546254448
2401,173.91729375270273,174.74668036714678,-0.0889874,0.0032516206,0.009901735,-0.291805,37.51399,139.00632546254448
2402,171.13947249007953,175.5810092380542,-0.080682166,-0.014718243,-0.020437064,-0.24717805,26.69424,139.00632546254448
2403,166.6934043763972,175.8454888163058,-0.08606048,-0.020403914,0.01382493,-0.21704145,30.54458,139.00632546254448
2404,163.0804449803974,172.17625331335333,-0.062908135,-0.008286133,0.18360339,-0.3432958,51.536747,139.00632546254448
2405,162.33724840562857,160.67234524458755,-0.051277295,-0.0064279386,0.20238775,-0.384666,58.618412,139.00632546254448
2406,164.1971954233753,144.59263864039713,-0.025688045,0.004855806,0.23808335,-0.4050181,62.8197,139.00632546254448
2413,166.9602002176473,136.06517309455873,0.010043997,-0.004885883,0.17924286,-0.1819239,34.670345,139.00632546254448
2414,168.79415098016298,143.00251003070002,-0.011705922,-0.011961687,0.16394965,-0.22890632,37.35761,139.00632546254448
2415,168.77003946881086,159.00644650707304,-0.046374068,-0.025215812,0.06731696,-0.24837784,36.776264,139.00632546254448
2416,167.27775188459432,170.96885495208696,-0.049191218,-0.023750816,0.083671436,-0.24618638,37.67683,139.00632546254448
2417,165.74177353297335,171.41066262460814,-0.06193996,-0.031806648,0.08708618,-0.28480318,41.5184,139.00632546254448
2418,166.07563557667532,161.21687126732968,-0.069161534,-0.027523626,0.09226558,-0.27247882,42.168747,139.00632546254448
2419,169.02851216391747,146.18757571048312,-0.06707985,-0.031779207,0.12141008,-0.32398906,45.954823,139.00632546254448
2420,172.71506858879502,133.60013006943882,-0.07169943,-0.048728205,0.123413175,-0.34654117,47.8893,139.00632546254448
2421,174.80880611300168,128.08866707572503,-0.07981454,-0.049379364,0.13767718,-0.31761557,50.464664,139.00632546254448
2422,175.63995985588625,129.43893747589587,-0.078665905,-0.057357043,0.15451685,-0.32381848,50.878025,139.00632546254448
2423,176.59990824663504,134.53945110512373,-0.07242567,-0.029518155,0.2543206,-0.284882,59.563683,139.00632546254448
2424,176.770120309762,139.73351428204685,-0.07959324,-0.036974203,0.24042277,-0.28218362,59.721283,139.00632546254448
2425,173.2673575858239,142.23114238899694,-0.08100006,-0.041942414,0.24506123,-0.30096546,60.97868,139.00632546254448
2426,164.39881800910177,141.3663192600894,-0.089276314,-0.07302699,0.26957166,-0.37118715,68.56987,139.00632546254448
2427,152.70492531239148,139.16801136437167,-0.078846805,-0.054853834,0.31652355,-0.36172867,73.33432,139.00632546254448
2428,144.57764014704318,139.02079414152573,-0.044227395,-0.04587527,0.39074463,-0.36894366,80.316284,139.00632546254448
2429,144.02259755703244,142.24818077713877,-0.046787243,-0.040838562,0.47243097,-0.36190224,86.60777,139.00632546254448
2430,147.75590439629636,146.25626134667678,-0.04426472,-0.057594586,0.48862258,-0.36674848,87.57924,139.00632546254448
2431,150.19859455935838,147.57880165150192,-0.06261922,-0.050325584,0.493809,-0.3868996,93.78229,139.00632546254448
2432,150.0596018658337,146.38708031111884,-0.045737837,-0.052874453,0.53144884,-0.42167267,97.53473,139.00632546254448
2433,147.5497326825807,145.50035127737704,-0.051850297,-0.053298168,0.5769364,-0.46072516,104.62769,139.00632546254448
2434,140.60916888147045,145.71082493609686,0.088462256,0.032438267,0.88715214,-0.32571596,120.629745,139.00632546254448
2435,129.8206837737826,145.91012037277534,-0.005476668,-0.022808546,0.76023597,-0.46520722,130.1331,139.00632546254448
2436,121.7056118572898,146.10081736633168,0.0020538054,-0.050741177,0.89193374,-0.5282272,147.71335,139.00632546254448
2437,120.53504106466156,146.50714438466568,-0.041167215,-0.046749704,1.0099922,-0.56911427,161.96161,139.00632546254448
2438,121.96095231701716,145.3543606703449,-0.030005097,-0.08657903,1.0245259,-0.6306427,167.08345,139.00632546254448
2439,120.58121841315801,139.83082970682773,-0.007602263,-0.06440035,1.0633416,-0.57226944,165.15161,139.00632546254448
2440,117.77558092483214,130.3893860957195,0.016933631,-0.07823044,1.1953613,-0.54251754,170.02568,139.00632546254448
2441,116.87439669754657,122.62641005393435,0.0011464427,-0.078302234,1.2455399,-0.6249797,178.08366,139.00632546254448
2442,115.50886338079326,120.10155085795171,-0.023885613,-0.0632291,1.3424251,-0.63510936,197.4348,139.00632546254448
2443,109.21231335797704,119.1488389362148,-0.055675138,-0.05589314,1.2148169,-0.5953873,180.87404,139.00632546254448
2444,101.49447823421639,116.55316396254234,-0.030714653,-0.0138039645,1.1738014,-0.50889695,168.24094,139.00632546254448
2445,101.90400689776098,115.06576851009407,-0.032043315,-0.015845036,1.1345268,-0.4055846,162.20284,139.00632546254448
2446,113.10961482325777,117.94991168431845,0.011213272,-0.0028527146,1.130317,-0.33386785,150.39697,139.00632546254448
2447,128.62937722202193,124.89344283553636,0.027346017,0.019457692,1.0549271,-0.31954643,138.1991,139.00632546254448
2448,142.37298122774595,133.57244479993423,0.06209715,0.039082676,0.9970012,-0.2988088,128.24411,139.00632546254448
2449,152.39816757119382,141.48200045485635,0.043763727,-0.0011870577,0.8362586,-0.35744807,112.48358,139.00632546254448
2450,157.92683977600595,147.06309721007884,0.031169541,-0.013812197,0.7836553,-0.3718943,107.145424,139.00632546254448
2451,159.3770008983487,150.7543899332143,0.04905642,-0.01859259,0.8236569,-0.3905263,105.52032,139.00632546254448
2452,159.3775204966582,154.46322897770727,0.029982265,-0.026060935,0.69279563,-0.3105537,85.92797,139.00632546254448
2453,159.75299014885033,158.91613482821555,-0.0015749866,0.020490522,0.5036651,-0.1986539,70.66175,139.00632546254448
2454,159.3122530895712,162.16337802943409,-0.019194463,0.048607238,0.42619303,-0.11887801,65.28606,139.00632546254448
2455,156.08803475823143,161.9759734036684,-0.009259797,0.040440317,0.26957738,-0.08601876,44.2786,139.00632546254448
2456,150.13070670612248,158.9829493280193,0.0056878664,0.03179677,0.3484299,-0.11234842,49.6056,139.00632546254448
2457,144.12132692393303,156.258795662098,-0.0140752075,0.051438328,0.24699496,-0.05360827,38.366653,139.00632546254448
2458,141.81183196267642,155.85908858153647,-0.02479056,0.055981178,0.17656271,-0.027049197,33.135616,139.00632546254448
2459,145.16964339349965,156.8323010247919,-0.027841741,0.045800406,0.13840298,0.00091241207,23.750284,139.00632546254448
2460,152.44276025445095,157.61877354700985,-0.019431127,0.051308032,0.24371633,0.007905229,29.749453,139.00632546254448
2461,159.5340829195982,158.8092737705218,-0.0012909006,0.08407583,0.2942766,0.04260411,33.32825,139.00632546254448
2462,164.08299153262627,161.5779393246217,0.003181587,0.07885844,0.22838974,0.01271098,28.083467,139.00632546254448
2464,166.78652255148688,165.44617833997336,-0.048627876,0.020983722,-0.06597468,-0.06422889,15.579896,139.00632546254448
2465,168.655183943977,169.4557053456546,0.036335777,-0.004405528,0.03455135,-0.37172845,51.46338,139.00632546254448
2466,169.85178611764655,173.17627205586962,0.033282403,-0.004619141,0.021311715,-0.36049035,48.209515,139.00632546254448
2467,170.51562196072643,176.0473726003693,0.044428933,-0.002639321,0.029538352,-0.37081295,49.229237,139.00632546254448
2468,170.73631419598672,177.45985240672505,0.03473664,-0.0050540515,0.01729675,-0.35560623,47.551807,139.00632546254448
2469,170.59501257686048,176.96874500026067,0.06985221,-0.013760605,0.060048833,-0.4552204,59.225803,139.00632546254448
2470,170.02747138630835,174.71402789386303,0.07356377,-0.019844742,0.052509796,-0.52736926,69.75311,139.00632546254448
2471,168.81051765266318,172.2159179759558,0.086335346,-0.010519303,0.022229835,-0.5372388,73.69731,139.00632546254448
2472,167.8024087780443,171.50420309752258,0.08481393,-0.026251825,-0.008148042,-0.54580903,74.37597,139.00632546254448
2473,168.63947959138648,172.66741706614204,0.08080643,-0.022886483,-0.0304916,-0.49694952,69.35276,139.00632546254448
2474,171.66555084964583,172.8920914004709,0.008195463,-0.00760358,-0.07775612,-0.44215935,61.321896,139.00632546254448
2475,175.36540677033668,169.7891067341653,0.06487566,-0.018166792,-0.058296897,-0.4301834,62.27858,139.00632546254448
2476,177.34158392865933,164.82686257742333,0.07619387,-0.01744055,-0.02367222,-0.430062,61.345478,139.00632546254448
2477,176.3391303752933,161.13953303910142,0.08103782,-0.02210316,-0.0072365077,-0.44724876,61.321312,139.00632546254448
2478,173.8006477872143,160.2024565332044,0.046154965,0.0022309748,-0.16766427,-0.41806585,65.7698,139.00632546254448
2479,171.71582537874846,162.16396113765958,-0.018194674,0.010670347,-0.2396096,-0.41208073,65.00653,139.00632546254448
2480,169.78344174834362,166.57234175158848,-0.034121487,0.018895887,-0.29523292,-0.39272106,65.53426,139.00632546254448
2481,167.04096488891452,171.77544858325982,-0.052253373,0.02632098,-0.36177927,-0.38913813,70.47843,139.00632546254448
2482,164.70184243847544,174.99109242179446,-0.022990765,0.015242507,-0.31126732,-0.4181293,70.30092,139.00632546254448
2483,165.13184313708106,174.0503605226487,-0.05222176,0.031133318,-0.44236135,-0.4432226,79.55951,139.00632546254448
2484,168.88460302640965,170.13075623385234,-0.089721985,0.055537704,-0.4793808,-0.44110107,83.478745,139.00632546254448
2485,173.69314061469763,167.73530967015878,-0.10491509,0.07092972,-0.5654325,-0.37839997,81.95501,139.00632546254448
2486,176.62629206571677,170.026195194777,-0.1005976,0.07193324,-0.57918406,-0.40662667,86.93161,139.00632546254448
2487,177.21565923288716,175.2510478766997,0.02443227,-0.0441196,-0.44601363,-0.62348384,100.931656,139.00632546254448
2488,177.29949284045955,178.97558089598493,-0.009280434,0.0024836664,-0.47259212,-0.6590502,108.52337,139.00632546254448
2489,178.00161602231262,178.9376581613938,0.04988321,-0.05558425,-0.36777145,-0.7927538,114.74131,139.00632546254448
2490,178.55942272833852,176.643881123249,0.08724644,-0.053043064,-0.2815217,-0.8475263,122.77399,139.00632546254448
2491,177.93172197262396,174.60094860791605,0.07195717,-0.04586671,-0.2795643,-0.8575863,125.13763,139.00632546254448
2492,175.91191915490305,173.549155468387,0.0085458495,0.0055679968,-0.35144946,-0.861086,132.04451,139.00632546254448
2493,172.98981260713538,172.35405868178032,-0.016530553,0.02397826,-0.53988844,-0.84018487,138.59167,139.00632546254448
2494,170.56803178276516,169.87065951047566,0.0061791986,-0.01817711,-0.5397352,-0.85530245,142.51527,139.00632546254448
2495,170.41056909119408,167.02920785063577,-0.11361111,0.02821518,-0.80161417,-0.7795802,161.77994,139.00632546254448
2496,172.60350293922593,166.36041034278722,-0.17393525,0.108917326,-0.82771975,-0.7277656,159.49026,139.00632546254448
2497,174.62122799503294,169.01094849719226,-0.16042075,0.10579216,-1.0190887,-0.7699804,170.22174,139.00632546254448
2498,173.52003718350818,172.6479865323232,0.048977822,-0.016381705,-0.6253702,-1.0840058,168.51869,139.00632546254448
2499,168.98586756885,173.09028895482248,-0.042403452,0.00026191233,-0.7179028,-1.0196371,165.73209,139.00632546254448
2500,163.5867156928598,168.48296236271662,-0.14310291,0.035704818,-0.8575716,-0.95717514,165.23573,139.00632546254448
2501,160.7125525737441,160.53815520338404,-0.116230235,0.040904865,-0.729275,-0.8573307,148.3031,139.00632546254448
2502,161.44039603682256,151.63381131605206,-0.119093485,0.05228279,-0.6822515,-0.72227407,127.284935,139.00632546254448
2503,162.63045358721928,143.109420899564,-0.05317808,-0.00129595,-0.5855446,-0.9089061,139.52715,139.00632546254448
2504,161.00666570270582,137.82253065380263,-0.09791086,0.040675443,-0.69768655,-0.84191793,143.73608,139.00632546254448
2505,158.72242187574614,140.716594857163,-0.07567356,0.008562974,-0.6607734,-0.84106666,141.26334,139.00632546254448
2506,160.1631472073245,150.46349429331573,0.063554026,-0.06332614,-0.48275775,-0.94468766,135.49565,139.00632546254448
2507,164.5235502201392,154.23275616195764,0.13561657,-0.10399961,-0.5067777,-0.9032697,143.16174,139.00632546254448
2508,166.904829701967,140.5497779968403,0.16200846,-0.0989719,-0.58251584,-0.8532114,148.58232,139.00632546254448
2509,165.31088971283936,114.98111993972307,0.1537041,-0.10721237,-0.6090017,-0.8191021,151.91466,139.00632546254448
2510,162.3386257688867,94.83851451423752,0.14517759,-0.12732473,-0.65844184,-0.802709,152.59956,139.00632546254448
2511,161.41843691123427,90.90982802249198,0.15642554,-0.12597193,-0.63680613,-0.81645876,147.26628,139.00632546254448
2512,164.01943693727247,100.17281115255943,0.15636319,-0.15355,-0.63301903,-0.7616237,139.36925,139.00632546254448
2513,169.39108699883442,113.93615468928581,0.10621434,-0.124774106,-0.7377813,-0.6634283,142.0278,139.00632546254448
2514,175.20590644131184,127.53155288627723,0.14011979,-0.12117605,-0.6520541,-0.65140986,136.09775,139.00632546254448
2515,178.64516933002656,139.11886169442099,0.111388914,-0.103094004,-0.70914173,-0.5857852,134.78188,139.00632546254448
2516,177.8290502673414,144.02841353516925,0.079780295,-0.07346125,-0.73243856,-0.5469625,133.5247,139.00632546254448
2517,172.8674956378742,139.27231467032806,-0.019305112,-0.018940454,-0.8739239,-0.48316917,133.40819,139.00632546254448
2518,165.85905656359475,130.66391142770834,0.019711701,-0.03906511,-0.78945774,-0.5616634,132.3164,139.00632546254448
2519,159.42437535789173,127.17364919922005,0.011207564,-0.030133748,-0.7132529,-0.56394047,121.84711,139.00632546254448
2520,154.87766404490736,130.86842154099614,0.053174127,-0.04522082,-0.65253794,-0.57425255,124.1173,139.00632546254448
2521,152.70478615036706,137.30876139023786,-0.039120436,0.014893217,-0.75778234,-0.4069687,108.79772,139.00632546254448
2522,154.39385484429948,142.14205624819976,-0.016425613,-0.014539536,-0.7193021,-0.39477694,111.81139,139.00632546254448
2525,160.63876581307562,144.78535269014037,-0.090386756,0.058694046,-0.5733847,-0.35991758,91.27462,139.00632546254448
2526,167.89891166681878,148.65226245596284,-0.061720856,0.053683683,-0.56894773,-0.35826138,92.954346,139.00632546254448
2527,171.1516599893497,156.80999495443325,-0.03841176,0.048849393,-0.5845712,-0.3941585,98.0965,139.00632546254448
2528,169.96365804538456,166.96594825209874,-0.076434925,0.0743078,-0.68959516,-0.37205797,103.73842,139.00632546254448
2529,168.19613935526328,173.74743370535708,0.015294098,0.016082251,-0.56975347,-0.48861554,106.76113,139.00632546254448
2530,168.4459034696099,173.30133139866322,0.04975324,-0.055103675,-0.50696915,-0.6147491,107.68537,139.00632546254448
2533,168.74048285820837,164.09135416512623,0.0050951056,-0.018176451,-0.4571382,-0.5647967,99.53231,139.00632546254448
2534,163.95756648376462,147.4990811403466,0.019084252,-0.024603952,-0.49620023,-0.5572012,107.50573,139.00632546254448
2535,150.7059476899657,128.48743781363794,0.021641904,-0.05611817,-0.58949417,-0.51757324,113.524796,139.00632546254448
2536,131.34360234282553,113.27544015326151,0.02104651,-0.0562286,-0.63516176,-0.47014073,111.02757,139.00632546254448
2537,113.98029548001294,105.71497675359912,0.033453647,-0.05250848,-0.65183985,-0.417834,116.143196,139.00632546254448
2538,108.74402071226046,105.16287384970788,0.039704416,-0.04831371,-0.6919741,-0.3490299,114.28219,139.00632546254448
2539,119.60561058921624,106.6989542232653,0.06042293,0.0010941919,-0.6322647,-0.25245494,104.403915,139.00632546254448
2540,139.1417744518843,105.0509782733294,0.07266102,-0.021721598,-0.67827517,-0.33990622,113.652855,139.00632546254448
2541,155.51298654586017,100.1509892162594,0.05630961,-0.00815353,-0.7627414,-0.34357056,120.34918,139.00632546254448
2542,162.97302395425822,97.49923526208053,0.05480971,0.0064742616,-0.789701,-0.33508947,124.32797,139.00632546254448
2543,163.4572909460011,101.13762975234607,0.108381204,-0.03593468,-0.7165921,-0.3874557,126.17934,139.00632546254448
2544,161.46711707233547,107.82544290743655,0.07282568,-0.034794383,-0.8346867,-0.38227168,135.3535,139.00632546254448
2545,159.93933625213285,111.46657445431187,0.029794337,-0.0055930247,-0.94394827,-0.32342285,139.1405,139.00632546254448
2546,159.50549313130216,111.15542949128482,0.041487087,-0.022689773,-0.8928255,-0.370027,140.39534,139.00632546254448
2547,159.24335389384086,110.73380673738002,0.043208286,-0.057009507,-0.9021226,-0.44709596,146.79745,139.00632546254448
2548,157.6253117640834,112.5597054669591,0.04747616,-0.03727651,-0.882605,-0.41932932,147.50294,139.00632546254448
2549,154.04808426508387,115.84677104725799,0.034110952,-0.033674505,-0.8737066,-0.41253868,142.8973,139.00632546254448
2550,150.03810391850027,120.13393961460412,0.0031411916,-0.013655884,-0.8902621,-0.34910387,140.8086,139.00632546254448
2551,148.32244523488316,126.07413113641617,-0.0021159353,-0.0059194816,-0.9061828,-0.28792682,139.77629,139.00632546254448
2552,150.33245243979854,132.1658980721968,-0.0033326312,0.045084704,-0.8906033,-0.18975054,130.95978,139.00632546254448
2553,154.91191776207123,134.06638108845434,0.025815817,0.07125288,-0.8312043,-0.1106102,121.63572,139.00632546254448
2554,159.45200791715666,128.58771246991566,0.08235331,0.039818794,-0.6705175,-0.20037697,114.059364,139.00632546254448
2555,161.36038625480035,117.37315616091215,0.078954816,0.023808554,-0.5716929,-0.23536038,97.862274,139.00632546254448
2556,159.3643664544054,106.34174214030911,0.064884,0.025210982,-0.6755494,-0.30226612,111.223495,139.00632546254448
2557,155.48385437143884,101.34100694263213,0.0032527184,0.052254472,-0.9003843,-0.26544034,124.09584,139.00632546254448
2558,153.33994681782895,104.523589946197,0.015309906,-0.022568587,-0.67093813,-0.43414217,113.60429,139.00632546254448
2559,153.57283235315535,115.22294357777844,0.03795643,-0.012026891,-0.6234523,-0.44447836,113.2952,139.00632546254448
2560,155.5646862786119,130.59943698715222,-0.03328855,-0.025722293,-0.68946385,-0.49500483,118.17096,139.00632546254448
2561,160.5800522582858,144.99185932684614,-0.044367902,-0.02083114,-0.7316697,-0.48891565,124.552216,139.00632546254448
2562,166.49534342721387,153.14097098267226,-0.036112726,-0.00491596,-0.72625804,-0.44795832,117.03541,139.00632546254448
2563,165.71949513453222,152.6577400953135,-0.02283533,-0.014477626,-0.7280052,-0.45812878,117.359344,139.00632546254448
2564,154.56268729980025,143.71790451576354,-0.0034349372,0.024247635,-0.6953985,-0.3822025,117.993546,139.00632546254448
2565,138.60740750756958,129.55732816509644,-0.015755573,0.018902473,-0.7466723,-0.33272326,118.31986,139.00632546254448
2566,125.59351243741318,115.10559072692821,-0.026642608,0.045437288,-0.784598,-0.2337294,119.70482,139.00632546254448
2567,117.8760456343874,105.24358883439682,-0.029557671,0.016325502,-0.79704636,-0.2752762,117.020134,139.00632546254448
2568,114.04262806452684,104.19986880898854,-0.026199574,0.019945512,-0.75606203,-0.26898417,114.71369,139.00632546254448
2569,113.69414431312259,111.5861420423455,-0.006289408,0.005323648,-0.7632331,-0.3027377,116.23591,139.00632546254448
2570,116.96565292531986,119.34374260586907,0.02556598,-0.0033703921,-0.7109161,-0.31941184,113.54296,139.00632546254448
2571,122.87681049529246,119.87170530464525,0.01661837,-0.04680371,-0.69195783,-0.40393597,118.450226,139.00632546254448
2572,130.67536431094237,116.4495562630656,0.020728175,-0.057782732,-0.74739456,-0.40770087,119.0265,139.00632546254448
2573,139.42435975114216,116.64641225276803,0.017948788,-0.03501414,-0.7772978,-0.34193125,119.99221,139.00632546254448
2574,145.47042169328114,120.83861509187724,-0.02410208,-0.023037966,-0.7921739,-0.37376907,122.94171,139.00632546254448
2575,143.99888481577156,124.9717634404305,0.025247205,-0.03462907,-0.8342116,-0.4117536,129.4313,139.00632546254448
2576,136.76860283519315,125.0021311928072,0.030049006,-0.017920686,-0.8541499,-0.3524712,129.42534,139.00632546254448
2577,132.06120728122377,117.3087671603116,-0.01080317,-0.0073785507,-0.8441533,-0.27464765,118.89805,139.00632546254448
2578,130.89137473561107,103.3610901693674,-0.0368416,-0.010289883,-0.80059373,-0.2628605,115.78048,139.00632546254448
2579,125.81053961787845,91.42793219342799,-0.059119735,0.049565535,-0.8475118,-0.18951695,111.07673,139.00632546254448
2580,117.82802276792299,89.54350147592146,-0.04812776,0.07925471,-0.83635825,-0.14145197,106.71464,139.00632546254448
2581,116.64559852454761,96.80575206481377,-0.015678296,0.090274565,-0.7810989,-0.13819925,102.63781,139.00632546254448
2582,121.28695079876235,102.99955639469998,-0.025091331,0.10223318,-0.7744486,-0.11657733,99.69648,139.00632546254448
2584,121.84890959129962,102.38097862695548,-0.08233816,-0.045748375,0.0866662,-0.3563733,44.11064,139.00632546254448
2585,121.6380100394223,104.17850241471729,-0.07439781,-0.032627292,0.100095734,-0.3281489,43.909813,139.00632546254448
2586,133.82154884405892,118.98702776880202,-0.07680639,-0.033957273,0.055582494,-0.30902186,37.110714,139.00632546254448
2587,158.0816146717332,142.03316755224952,-0.08131466,-0.032519497,0.050563566,-0.3072047,36.51757,139.00632546254448
2588,179.78779059967263,159.56975196788682,-0.084735334,-0.03557485,0.046294373,-0.33310065,41.369156,139.00632546254448
2589,188.05787507688427,164.84389371286312,-0.007624217,0.0013576411,0.1651479,-0.2564855,42.13184,139.00632546254448
2590,184.3489485947635,162.25402369511218,-0.0891301,-0.02195541,-0.031827286,-0.24753042,33.892204,139.00632546254448
2591,176.66885737639166,159.06952237634312,-0.05279498,-0.008748267,0.07321448,-0.2449778,39.25899,139.00632546254448
2595,170.5411045144154,158.0367115624921,0.011043786,-0.00016070396,0.28124508,-0.14962,41.571507,139.00632546254448
2596,165.7795079167286,159.5166842368978,0.029798727,0.02098899,0.34597233,-0.07916909,41.0298,139.00632546254448
2597,160.43862486728074,164.19649571507776,-0.009416988,0.0086791115,0.40305692,-0.1873538,60.859528,139.00632546254448
2598,155.03306523566658,169.300432759725,-0.011850819,-0.0015139541,0.37293327,-0.204523,58.13766,139.00632546254448
2599,151.3038831969977,169.11492276806786,-0.005059979,0.018828487,0.2975021,-0.1125268,46.994286,139.00632546254448
2600,149.39317521847514,163.40791627729112,0.018628048,0.023991212,0.28616807,-0.05450257,37.002235,139.00632546254448
2601,147.79495376931433,159.28341367030689,-0.0124102095,-0.006391275,0.23454697,-0.11464844,36.16145,139.00632546254448
2602,145.74808805013592,158.22898686867336,0.013677838,0.007939477,0.35639483,-0.08675774,46.92611,139.00632546254448
2603,144.6625489091421,148.04015528220063,-0.011044226,0.0019587441,0.30986312,-0.1012773,45.506775,139.00632546254448
2617,146.55620474469725,124.06976803142875,0.1968158,0.040487297,0.4822493,1.0473156,143.64995,139.00632546254448
2618,152.5706865786397,107.13179713072873,0.21604298,0.040905304,0.46982175,1.1248001,153.55405,139.00632546254448
2619,161.12556651074473,117.83143397887423,0.17048208,0.015536472,0.42910767,1.136688,154.57664,139.00632546254448
2620,167.21833999327137,148.69638205924002,0.17458794,-0.0052997177,0.36220804,0.7122819,101.08672,139.00632546254448
2621,168.11098968085392,176.02148906069652,0.13781571,-0.002798049,0.32923016,0.8437937,117.83075,139.00632546254448
2623,167.44620373468376,184.87820677826886,0.22361746,-0.04639712,0.14159319,-1.191068,158.50296,139.00632546254448
2624,169.73487980080753,177.2575670607021,0.14725707,-0.041558877,0.24144287,-1.1843997,159.98407,139.00632546254448
2625,174.55727473337532,164.77090069576013,0.15524232,-0.020656167,0.3136589,-1.1474227,159.10555,139.00632546254448
2626,178.3855033215793,157.9071516290266,0.13571455,-0.008323235,0.3406476,-1.161863,162.33183,139.00632546254448
2627,178.93552018454457,159.78770838057045,0.15391323,-0.015089047,0.354584,-1.1521844,161.59389,139.00632546254448
2628,176.78865602578864,166.7080183019953,0.16348027,-0.017243182,0.3506911,-1.1299547,157.93452,139.00632546254448
2629,174.3568718312,173.32308859147147,0.16094244,-0.014127019,0.34850207,-1.1333606,158.29506,139.00632546254448
2630,173.6657099033594,177.00291087008748,0.16090576,-0.016525066,0.3597702,-1.1402576,158.63475,139.00632546254448
2631,174.70507324554265,178.08364896733133,0.15164497,-0.01255335,0.3771423,-1.1393969,158.45186,139.00632546254448
2632,175.78899892278508,177.8689562239748,0.14561436,-0.0013552262,0.38958123,-1.1337249,158.7541,139.00632546254448
2633,175.49854698116593,177.22479364923376,0.15128548,-9.989112e-05,0.39405406,-1.1204512,157.87283,139.00632546254448
2634,174.09099114822138,176.4758366120183,0.14914985,-0.0038426248,0.39563707,-1.1040543,155.44441,139.00632546254448
2635,172.9595981052495,175.77176413522403,0.15093899,-0.007465489,0.3931733,-1.1025945,154.40735,139.00632546254448
2636,173.0134477503366,175.16412569835677,0.15340586,-0.007827951,0.3909398,-1.0963382,153.37813,139.00632546254448
2637,173.92815175409396,174.58605755289588,0.15607746,-0.008185583,0.3871871,-1.0941272,153.04182,139.00632546254448
2638,174.87218920226638,174.03499239475818,0.15884274,-0.00868438,0.38768578,-1.0886455,152.41995,139.00632546254448
2639,175.4351225305311,173.68179326285812,0.16266237,-0.002235146,0.3926322,-1.0658534,151.3721,139.00632546254448
2640,175.73576886447947,173.69201136761473,0.16187932,-0.0010735551,0.39922225,-1.0695722,153.011,139.00632546254448
2641,176.0822876948653,174.00459972128976,0.16286643,-0.007057582,0.41571227,-1.0747907,153.50894,139.00632546254448
2642,176.7286085808517,174.35866301656068,0.16570295,-0.003720999,0.42969418,-1.0723568,154.7495,139.00632546254448
2643,177.71737626642167,174.54502402659804,0.1680847,-0.0032636954,0.43957037,-1.0566937,153.20523,139.00632546254448
2644,178.8070977851488,174.58541302560906,0.16902691,-0.0053214524,0.43929303,-1.0572349,152.11697,139.00632546254448
2645,179.6202417485722,174.63206383269798,0.16917889,-0.008797005,0.4320584,-1.0613967,152.11057,139.00632546254448
2646,179.89032205776547,174.73455684867253,0.16689633,-0.007553525,0.435854,-1.0652839,152.25027,139.00632546254448
2647,179.55220306819268,174.70244866421655,0.16754907,-0.0067423214,0.4347285,-1.037382,150.59218,139.00632546254448
2648,178.59660271031123,174.22979881053885,0.16311254,-0.0059991754,0.43642265,-1.0135186,146.9903,139.00632546254448
2649,177.07406134128524,173.40223835769675,0.14858058,0.0031589742,0.42872247,-1.0643873,153.57053,139.00632546254448
2650,175.42804444398726,172.85734699614537,0.13284495,0.002108471,0.4106359,-1.0648898,154.35591,139.00632546254448
2651,174.21679349215927,173.0520887881195,0.10015032,0.012234576,0.30930832,-1.0942822,157.81758,139.00632546254448
2652,173.41999782486417,173.91694056778155,0.098668166,0.013003848,0.26075765,-1.0614314,154.10828,139.00632546254448
2653,172.8283800893248,175.28118971933355,0.12605384,0.012210866,0.21531536,-1.0560898,152.66293,139.00632546254448
2654,172.76462016787698,176.78679294769094,0.13074158,0.009150905,0.23247747,-1.0584257,151.82191,139.00632546254448
2655,173.7601370386314,177.67716624802114,0.14046262,0.0079950215,0.27591172,-1.0836779,154.26744,139.00632546254448
2656,175.59192732546362,177.56367131212403,0.09794123,0.015737133,0.16237922,-1.0423557,148.67291,139.00632546254448
2657,177.0422273170331,176.96718564225117,-0.026819674,0.005126061,-0.12048751,-1.0163524,140.52625,139.00632546254448
2658,177.2428645716575,176.57346055439817,-0.07072287,0.0076924944,-0.22509542,-0.93508166,129.72635,139.00632546254448
2659,176.30771755585263,176.54933898123468,-0.025266092,0.010674738,-0.10696357,-0.82440513,116.54699,139.00632546254448
2662,174.40167688460016,176.02688155699892,0.18771155,0.07140832,0.5696167,-0.54081994,101.07125,139.00632546254448
2663,172.41622617195074,172.88230937342968,0.1950665,0.076919235,0.5520433,-0.5235561,97.389114,139.00632546254448
2664,172.3782893396154,166.15087637020443,0.19145857,0.07448101,0.542769,-0.535585,98.02647,139.00632546254448
2665,174.76320628517286,158.3432911754739,0.20101584,0.07380878,0.52761763,-0.47296974,89.41988,139.00632546254448
2666,177.43842191723425,153.0163694109837,0.19381973,0.07048186,0.51646674,-0.46454793,87.7868,139.00632546254448
2667,178.0669791940603,151.21383762352613,0.18746446,0.068558455,0.49357408,-0.34066626,71.69741,139.00632546254448
2668,175.99199621592737,152.15949967482888,-0.15348358,-0.009889879,-0.3031646,-0.23543371,27.691528,139.00632546254448
2669,172.63702878235324,156.1965880966709,-0.1995942,-0.02097538,-0.36781886,-0.29747444,36.576588,139.00632546254448
2670,170.49782406734812,163.48216208715624,0.1051006,1.8880519e-05,0.3465313,-0.3668509,57.63278,139.00632546254448
2671,170.64228526285552,170.30223146156348,0.04453651,0.014524168,0.22154182,-0.49826854,72.91429,139.00632546254448
2672,172.15162652136524,172.1607582296558,-0.08047843,-0.015421432,-0.1711013,-0.51569945,72.783066,139.00632546254448
2674,173.78610623802157,169.66974895943895,0.019345617,-0.029189063,0.94814324,-0.43883464,136.38106,139.00632546254448
2677,174.34484754386412,167.040736048772,-0.043966144,0.03451842,0.35806674,-0.47029704,90.99137,139.00632546254448
2678,173.5480330261058,166.5690398648672,0.004924358,0.044954516,0.48900315,-0.5791555,114.0969,139.00632546254448
2679,173.14325082654426,167.39803560202816,0.093528934,0.092223875,0.6303361,-0.6488113,125.4593,139.00632546254448
2680,174.19378104278124,168.57101358974822,0.092799455,0.119381085,0.6253586,-0.6383971,127.098145,139.00632546254448
2681,174.99228759365766,170.3237214125921,0.101478755,0.08079984,0.6289887,-0.7202683,130.82915,139.00632546254448
2682,173.84233688516514,172.34030373024405,0.07619184,0.06819424,0.48960593,-0.67100334,120.22762,139.00632546254448
2683,171.7449326107766,173.67096622067726,0.006798112,0.008941243,0.21481264,-0.6769511,98.39395,139.00632546254448
2684,170.9734440070309,174.24784193300346,-0.028215537,0.017513,0.15531246,-0.6913721,104.47585,139.00632546254448
2685,172.0992614344231,174.65866855710547,-0.13095593,0.0059851245,-0.07817067,-0.37644178,57.04643,139.00632546254448
2686,173.73780322841424,174.78818489470095,-0.11363795,0.00020087993,0.015943501,-0.5382814,84.08741,139.00632546254448
2687,174.83085591437901,173.5911815000144,-0.16383822,-0.024317011,-0.1126976,-0.38624516,63.96371,139.00632546254448
2688,175.4326520727619,170.91152819043143,-0.19832821,-0.019250445,-0.21529269,-0.21747285,36.080765,139.00632546254448
2689,174.4896023854125,167.74526606746392,-0.060831387,-0.0033820278,0.108585484,-0.5139789,75.37828,139.00632546254448
2690,169.08094593206698,162.71331136588987,-0.08408099,-0.010663322,0.04977662,-0.58262056,84.55604,139.00632546254448
2693,159.00605078133174,152.54905665329966,0.02260108,0.018213116,0.043375358,-0.514549,77.00679,139.00632546254448
2694,149.6278216159679,138.14168641449268,0.010852017,0.0029530448,0.00026674222,-0.47227114,70.64315,139.00632546254448
2695,146.36641802881942,124.93022360328274,0.014628122,0.018931892,-0.002523074,-0.42645362,66.70377,139.00632546254448
2696,149.55241068368008,117.61134326436375,0.14538142,0.01903837,0.15100716,-0.41167632,66.391014,139.00632546254448
2697,156.82381984236923,118.5973718133759,0.10582696,0.0058683287,0.12630683,-0.43381175,67.433105,139.00632546254448
2698,165.87750685076796,126.84584534103278,0.10333989,0.027311549,0.09563861,-0.42257214,70.174545,139.00632546254448
2699,173.02682771374606,134.74621176836052,0.09175537,0.035274077,0.0680152,-0.4125354,70.721115,139.00632546254448
2700,174.08398289451262,133.91961272535755,0.05555911,0.02571878,-0.0009255845,-0.47143427,77.00489,139.00632546254448
2701,169.29711625181298,126.06969975736138,0.09531945,0.029546475,0.07053822,-0.4596063,75.20399,139.00632546254448
2703,164.5244243544189,121.560491516278,-0.15532915,-0.010453221,-0.26438788,-0.52408105,72.83928,139.00632546254448
2704,165.50432155430488,127.62867683531802,-0.16800281,-0.010521718,-0.26942632,-0.51779604,74.62124,139.00632546254448
2705,172.02853903593095,141.96728992189858,-0.16498807,-0.021638831,-0.26799622,-0.39144102,63.111507,139.00632546254448
2706,178.8853034839823,156.55691079779865,-0.17436334,-0.01628379,-0.25285098,-0.37302724,57.203342,139.00632546254448
2707,181.5241330621328,164.69047569370915,-0.17629136,-0.0022608323,-0.22708127,-0.42130473,64.96564,139.00632546254448
2708,179.49920003429753,165.06555720544003,-0.16648272,-0.0068536284,-0.20038378,-0.44238922,67.58368,139.00632546254448
2709,175.09304651307485,161.95512043722277,-0.16917165,-0.01751717,-0.18913713,-0.43010744,65.371086,139.00632546254448
2710,170.933166653092,161.3875224873315,-0.16590093,-0.025719438,-0.19401358,-0.42046168,64.05235,139.00632546254448
2711,169.13803091900104,165.45452818781487,-0.17544569,-0.011846867,-0.17017846,-0.42101473,68.023254,139.00632546254448
2712,170.12002171550398,170.73313455869595,-0.1671668,-0.036170244,-0.13028392,-0.5275691,75.61387,139.00632546254448
2713,171.9785037402976,172.90439618647176,-0.17180482,-0.0388223,-0.08942428,-0.5126654,73.547485,139.00632546254448
2714,172.47119698432923,171.39681691771142,-0.16176127,-0.047203492,-0.09800307,-0.63565195,81.787895,139.00632546254448
2715,171.50544100336353,168.5639618385585,-0.16744034,-0.049281668,-0.12702417,-0.51655453,68.37619,139.00632546254448
2716,171.18442205229897,166.1392485049137,-0.18291667,-0.063628666,-0.14218788,-0.5568451,66.45333,139.00632546254448
2717,172.97976727395925,164.334493440412,-0.17374468,-0.083624676,-0.17830367,-0.40604556,48.015644,139.00632546254448
2718,175.3569130591316,163.18117846766708,-0.1909387,-0.0830396,-0.122517884,-0.50432324,52.03556,139.00632546254448
2719,175.33769913413803,162.626435737055,-0.19885401,-0.09792491,-0.14612204,-0.498577,47.376198,139.00632546254448
2720,172.38173585850245,162.19783057334655,-0.17734867,-0.082256936,-0.118246935,-0.44087264,43.857197,139.00632546254448
2721,169.35528216310902,162.45291737261533,-0.16784386,-0.09221333,-0.09242936,-0.4817731,46.24051,139.00632546254448
2722,168.84561647940558,165.41999572382753,-0.16778064,-0.09964194,-0.026689151,-0.4972793,53.927586,139.00632546254448
2723,170.18595189522995,171.41824269760258,-0.15849625,-0.09130905,-0.04157183,-0.51400393,56.484116,139.00632546254448
2724,171.20723113810465,176.45154428748435,-0.16120538,-0.058666162,-0.06412439,-0.4673596,55.535866,139.00632546254448
2725,170.82015115986903,175.4483882301654,-0.1672173,-0.047538072,-0.13302863,-0.3992527,46.57099,139.00632546254448
2726,169.6124508297085,169.13245135412652,-0.17895176,-0.03183958,-0.12353304,-0.4292769,56.174034,139.00632546254448
2727,169.2711036123487,164.51174138545508,-0.18370657,-0.028489387,-0.1630425,-0.410695,49.949467,139.00632546254448
2728,170.73893207279178,166.0197393214411,-0.18862517,-0.044362195,-0.15977925,-0.4700101,56.536663,139.00632546254448
2729,173.17362690361372,170.73500173399313,-0.19216856,-0.055999618,-0.1866054,-0.5145152,59.019135,139.00632546254448
2730,174.96471279622818,174.29138580850662,-0.19372554,-0.061285507,-0.19565487,-0.5612395,61.574924,139.00632546254448
2731,174.84121705806479,175.8168635895015,-0.17996384,-0.03985875,-0.21194392,-0.4794047,52.97962,139.00632546254448
2732,172.70816936572598,175.9214985285493,-0.18419923,-0.03760253,-0.21288444,-0.49180394,51.839046,139.00632546254448
2733,170.13921987846393,174.48637004894493,-0.18094738,-0.046412926,-0.24058962,-0.49214533,50.908363,139.00632546254448
2734,169.0257933475485,171.41248816540394,-0.1412623,0.004500808,-0.1765188,-0.43736196,57.576015,139.00632546254448
2735,169.30596485067943,166.88781011778988,-0.15877111,-0.00562859,-0.2016861,-0.4378421,54.003937,139.00632546254448
2736,169.5965936914437,161.07729175473196,-0.15858231,-0.012071896,-0.18932594,-0.4402667,55.545506,139.00632546254448
2737,169.66537801792566,154.6563684273992,-0.13273357,0.02041489,-0.117383264,-0.5557724,75.67229,139.00632546254448
2738,169.90671351249426,148.92935427272417,-0.024246098,0.025892656,0.07267595,-0.5791294,86.67117,139.00632546254448
2739,170.3568582929263,147.13998657551258,0.012933595,0.0071952343,0.16009188,-0.57090056,81.65552,139.00632546254448
2748,171.1723645272551,153.21424946507545,-0.1299331,-0.018928818,-0.38151646,-0.739142,91.83883,139.00632546254448
2750,171.40469602947988,163.87498581844676,-0.21818767,0.075802214,-0.54849666,-0.43750072,66.036224,139.00632546254448
2751,169.9706771277643,167.51186746851536,-0.22308694,0.06496194,-0.53187126,-0.513295,70.754524,139.00632546254448
2752,168.9693427487468,157.18173149225748,-0.21326205,0.06323876,-0.49781078,-0.55884534,76.56386,139.00632546254448
2753,171.32605624544607,141.28617584662754,-0.22528148,0.05307731,-0.48833102,-0.6237188,83.827614,139.00632546254448
2754,176.12425283075956,136.15919008116066,-0.23012015,0.03854348,-0.4716424,-0.64998627,83.66737,139.00632546254448
2755,179.8401595956755,148.15671471062637,-0.22420046,0.034155298,-0.48515382,-0.68404514,85.97085,139.00632546254448
2756,180.56189904327914,167.34086316026762,-0.22364458,0.02566104,-0.49619323,-0.6827062,87.59157,139.00632546254448
2757,179.18300693288208,179.5193105307927,-0.22809511,0.018442973,-0.49945384,-0.7000809,90.41112,139.00632546254448
2758,177.50921621116814,180.4473060974956,-0.23062949,0.015239652,-0.4777316,-0.6964479,91.25784,139.00632546254448
2759,176.49376438058312,176.0269744398669,-0.2314822,-0.004454046,-0.45852438,-0.7117317,91.90169,139.00632546254448
2760,176.2363023420017,171.91354122579895,-0.23473139,-0.022730827,-0.44149768,-0.83163816,106.38131,139.00632546254448
2761,176.6299268397552,167.8122400557033,-0.23455137,-0.020726638,-0.4296293,-0.87497157,112.028564,139.00632546254448
2762,177.2501731080407,161.4723765732383,-0.23480077,-0.0153599605,-0.42532364,-0.8136621,104.89762,139.00632546254448
2763,176.99617599948547,153.7562533917642,-0.23547696,-0.021681862,-0.42292187,-0.8096085,106.38847,139.00632546254448
2764,174.92446189337633,147.68460413231622,-0.22760773,-0.023237968,-0.40714303,-0.80114716,104.185974,139.00632546254448
2765,171.77212416203173,144.87989156785306,-0.22631858,-0.037747428,-0.3723414,-0.8040695,104.07255,139.00632546254448
2766,169.80170099367552,145.0034855758703,-0.22971182,-0.033239592,-0.33329913,-0.8019505,104.11515,139.00632546254448
2767,170.45235885834555,146.64659654949892,-0.22756645,-0.029640878,-0.29681492,-0.79255635,102.698715,139.00632546254448
2768,172.6377410009696,148.01342022195215,-0.22846131,-0.04107018,-0.2820003,-0.79196733,103.95756,139.00632546254448
2769,174.03099037324057,148.6839231362352,-0.24083288,-0.04452136,-0.28497115,-0.72799635,94.99632,139.00632546254448
2770,173.58897428812986,150.1476711336982,-0.24784413,-0.06570706,-0.26936793,-0.6871936,93.510284,139.00632546254448
2771,172.34491011192227,153.5809360569031,-0.26216522,-0.06995979,-0.2757917,-0.6777558,96.14656,139.00632546254448
2772,172.20513259857498,158.14496882398743,-0.269497,-0.06378542,-0.22550805,-0.74462944,102.16417,139.00632546254448
2773,174.08069493753626,161.62515867330552,-0.27905935,-0.11566426,-0.23210481,-0.7131117,94.17808,139.00632546254448
2774,176.92420343521184,161.79407738789317,-0.2699844,-0.090354264,-0.19878991,-0.7721107,101.85323,139.00632546254448
2775,178.82374543171687,156.8518086866005,-0.25246766,-0.049626786,-0.08092015,-0.9522324,125.18005,139.00632546254448
2776,178.60462122457557,146.10638068692748,-0.254505,-0.075569056,-0.08753887,-0.97266024,116.82829,139.00632546254448
2777,176.1342897759958,132.61708960923016,-0.21598962,-0.07017582,0.124440186,-1.1324443,147.24556,139.00632546254448
2779,172.66039590446096,123.97747930037765,-0.15769185,-0.03852504,-0.14724521,-0.4125332,61.762714,139.00632546254448
2780,170.69509149636463,127.3340957097452,-0.15984906,-0.038600564,-0.14420238,-0.41474003,56.842876,139.00632546254448
2781,171.69008095116914,142.22570386867034,-0.15852216,-0.049165532,-0.09234374,-0.42362067,59.785686,139.00632546254448
2782,174.5251689640611,159.03494196569824,-0.15893972,-0.04632423,-0.06801246,-0.43727985,61.818504,139.00632546254448
2783,177.06089679742473,167.1827282976009,-0.16729589,-0.04613433,-0.109151796,-0.39549682,55.478405,139.00632546254448
2784,178.1489863506697,164.69026810436608,-0.15760623,-0.042435065,-0.0740854,-0.45584422,63.07274,139.00632546254448
2785,177.9784510523765,157.82566712615287,-0.16211472,-0.05280069,-0.13668925,-0.41366953,54.133297,139.00632546254448
2786,177.3088882780357,153.5735566330584,-0.15600182,-0.059732474,-0.107569344,-0.45931298,58.80938,139.00632546254448
2787,176.83928760646478,154.4885631236689,-0.15642686,-0.057979,-0.12837568,-0.45654917,59.20851,139.00632546254448
2788,176.95174288612537,158.85499412284517,-0.15035348,-0.076665446,-0.10171287,-0.49637872,62.071033,139.00632546254448
2789,177.43405454720636,163.51514695241852,-0.15070957,-0.06845242,-0.14153364,-0.41935652,55.389496,139.00632546254448
2790,177.38986608164456,166.55823263105546,-0.14696772,-0.059573088,-0.13186155,-0.41691172,54.95413,139.00632546254448
2791,176.06104004960824,168.0500416166323,-0.15479259,-0.055887654,-0.10115524,-0.5113914,69.53924,139.00632546254448
2792,174.13343182891708,168.88268533686454,-0.14761186,-0.060167603,-0.08603457,-0.48208112,66.133064,139.00632546254448
2793,173.07397787475756,169.59114291829172,-0.14129566,-0.056017622,-0.08971672,-0.5568425,69.81367,139.00632546254448
2794,172.53518548593814,170.22703019571304,-0.13909103,-0.033860676,-0.090049535,-0.61138654,82.07762,139.00632546254448
2795,170.90385430782695,170.9133385026198,-0.14017469,-0.02389154,-0.10930635,-0.6421853,85.338646,139.00632546254448
2796,169.18681490167828,172.0147668398474,-0.14172596,-0.014371588,-0.18388397,-0.6648069,89.79828,139.00632546254448
2797,170.13371817507914,173.7624078795241,-0.14277098,0.0041607395,-0.23237264,-0.7086904,93.855515,139.00632546254448
2798,172.9602879203389,176.00824790935621,-0.1450722,0.016237246,-0.24975327,-0.6349728,89.22487,139.00632546254448
2799,173.89538618121637,178.000918644643,-0.15151002,0.014287503,-0.26775604,-0.634477,85.907684,139.00632546254448
2800,171.88048025650926,178.54460690570488,-0.15137917,0.0070902933,-0.2735111,-0.6383443,87.076935,139.00632546254448
2801,169.97533262742868,177.2210717931311,-0.06756064,0.052658208,-0.11105082,-0.7876258,101.38772,139.00632546254448
2802,170.7307197295932,175.35747077609824,-0.11760368,0.025468722,-0.2922867,-0.67306286,93.61904,139.00632546254448
2803,172.0987471833469,174.8264836258141,-0.14157975,0.024606366,-0.28038976,-0.5926358,82.9702,139.00632546254448
2804,170.84931931939153,175.6517407438124,-0.14944941,0.02689486,-0.27261144,-0.50515485,72.47362,139.00632546254448
2805,168.62480819496238,175.84080490336757,-0.16690905,0.022412054,-0.3232437,-0.5167739,73.461334,139.00632546254448
2806,169.66293497067218,173.8944300132328,-0.17423338,0.020493487,-0.35789824,-0.37634233,57.917572,139.00632546254448
2807,174.28519103066745,170.52376222523014,-0.18324421,0.027343163,-0.35420382,-0.4065856,59.959663,139.00632546254448
2808,178.91353915007534,167.88013240853036,-0.19363861,0.03020444,-0.36141485,-0.4747274,67.751396,139.00632546254448
2809,180.7715191120088,167.55280773206727,-0.20262134,0.03243278,-0.39010754,-0.4260973,65.676796,139.00632546254448
2810,179.9366736349879,169.16570800798922,-0.20520182,0.026582014,-0.4108884,-0.409673,63.642353,139.00632546254448
2811,178.05030273373035,170.98764453034477,-0.2039456,0.03174825,-0.42753178,-0.41926587,64.1066,139.00632546254448
2812,176.73075003475728,171.77111056128805,-0.20617615,0.040972263,-0.45027184,-0.38454962,63.127766,139.00632546254448
2813,176.80178122117644,171.05581682100612,-0.21443264,0.027379606,-0.46117204,-0.41123506,64.846634,139.00632546254448
2814,178.02160272928137,166.8695247954173,-0.21529543,0.022867382,-0.46743995,-0.42446327,66.233665,139.00632546254448
2815,179.23435416721856,154.2494558537219,-0.20835488,0.018141106,-0.46600634,-0.4727972,72.50734,139.00632546254448
2816,179.04336699841502,129.26815004849485,-0.20568481,0.0097225895,-0.4608906,-0.4812506,75.822586,139.00632546254448
2817,176.91129065439733,97.05801203301459,-0.203687,0.036556635,-0.45383498,-0.5633802,86.11391,139.00632546254448
2818,173.9855403608831,72.13585429877257,-0.21133053,0.04298787,-0.42874894,-0.6408911,94.274956,139.00632546254448
2819,172.39599000762527,65.72145722549477,-0.21683443,0.03859244,-0.38365215,-0.66668344,98.11038,139.00632546254448
2820,173.2709534306762,78.6264037106096,-0.19845709,0.012277387,-0.33166486,-0.6984096,101.65174,139.00632546254448
2821,175.6115080744168,106.39919069658536,-0.20995753,-0.012868391,-0.27467468,-0.6871062,99.07607,139.00632546254448
2822,177.0934655685339,139.0508212529809,-0.20435177,-0.03625016,-0.2400254,-0.7175928,99.64634,139.00632546254448
2823,176.08681019998298,161.82642753906944,-0.20474957,-0.048015796,-0.22037385,-0.67006993,93.783,139.00632546254448
2824,173.13093099587678,167.9827044920199,-0.21234436,-0.071058154,-0.19663928,-0.67866683,93.17721,139.00632546254448
2825,170.1996054944512,164.2217087978152,-0.23266815,-0.06950885,-0.18466991,-0.6049883,90.28327,139.00632546254448
2826,168.79480219824032,160.53452295203905,-0.23892814,-0.07651352,-0.17526215,-0.5909249,89.659325,139.00632546254448
2827,169.22578882063917,160.62129672582938,-0.23527673,-0.053816065,-0.12147902,-0.6271112,94.265434,139.00632546254448
2828,171.06026303670316,161.76651563691848,-0.24270731,-0.055849455,-0.07593613,-0.62428874,96.53881,139.00632546254448
2829,173.5521380515989,160.0697173301992,-0.25733137,-0.06280034,-0.04365308,-0.66537714,101.728615,139.00632546254448
2830,175.97452156264058,155.1833459625644,-0.27145752,-0.06324074,-0.09764127,-0.6276967,97.09128,139.00632546254448
2831,177.83392457921167,150.7303729521936,-0.26721334,-0.10004567,-0.09126448,-0.6241017,82.92282,139.00632546254448
2832,178.88687750844946,150.38125816873813,-0.24419756,-0.08970091,-0.106563844,-0.651689,83.25413,139.00632546254448
2833,179.12720437966763,154.14834691117835,-0.2528633,-0.06851236,-0.09809001,-0.72795874,95.73089,139.00632546254448
2834,178.33982967494504,158.73502491431108,-0.23507431,-0.07571549,-0.056748692,-0.7817168,98.82945,139.00632546254448
2835,175.4572629409023,160.68355798271463,-0.23398188,-0.07389418,-0.0075579155,-0.7691977,100.41508,139.00632546254448
2836,168.75809890594815,159.14182153726904,-0.20983194,-0.056651656,-0.009716003,-0.791211,107.107376,139.00632546254448
2837,157.24487244386205,156.43245204521716,-0.23484863,-0.046178456,-0.11804584,-0.8000933,105.69031,139.00632546254448
2838,142.23509033426086,155.44110934761233,-0.20371641,-0.017557345,-0.079115525,-0.6285865,97.23737,139.00632546254448
2839,127.5385570220085,156.04396279813386,-0.17899215,-0.019752976,-0.07314313,-0.6737497,98.8136,139.00632546254448
2840,119.3076088644232,156.0987749119417,-0.19893262,-0.023133026,-0.13252456,-0.62206626,93.07766,139.00632546254448
2841,124.58571700888298,156.1470101413053,-0.19525355,0.0015688394,-0.13159107,-0.6453388,98.27966,139.00632546254448
2842,143.74737003631782,159.37971735407237,-0.16844101,-0.0038011314,-0.25359347,-0.7438979,105.00651,139.00632546254448
2843,165.83245179536056,166.16812523533937,-0.21546844,-0.0072360686,-0.35933667,-0.7055447,100.3608,139.00632546254448
2844,178.65683902818168,172.6750188399729,-0.20404002,0.009303486,-0.37115368,-0.6577167,94.46661,139.00632546254448
2845,180.43867491601677,175.7901516452963,-0.19238283,0.009799648,-0.37437436,-0.636721,90.093445,139.00632546254448
2846,177.25736322732405,176.0106802523157,-0.17942509,-0.0047021275,-0.3354401,-0.53043425,71.623344,139.00632546254448
2847,174.07835952688498,175.10131923674334,-0.14739144,-0.012504612,-0.23009644,-0.4622276,58.342503,139.00632546254448
2848,171.97058538683729,173.8685041225586,0.06415688,0.0027174775,0.24779496,-0.48522726,60.88059,139.00632546254448
2849,171.00345383642085,172.7734521256023,-0.13427079,0.009479777,-0.1581138,-0.46900418,59.79669,139.00632546254448
2850,171.77593434232477,172.61921599650293,-0.19385727,0.018925965,-0.32495612,-0.42579016,55.463608,139.00632546254448
2851,173.98988734143293,173.50200319118727,-0.17578773,0.026011208,-0.3623365,-0.43045938,56.298336,139.00632546254448
2852,175.89236431823701,174.32904029805078,-0.16505262,0.029527375,-0.33584228,-0.40884623,56.69655,139.00632546254448
2853,176.1163233402961,174.32101595784755,-0.1704384,0.02826677,-0.35114077,-0.3976179,55.856052,139.00632546254448
2854,175.2340678681141,173.93942637082725,-0.18901463,0.030607736,-0.37724507,-0.38783145,54.824326,139.00632546254448
2855,174.92131944008756,174.02172385755017,-0.1761267,0.03685104,-0.3872017,-0.35553345,51.071316,139.00632546254448
2856,176.0016776839304,174.7362845395448,-0.1846989,0.028315948,-0.36392903,-0.32521662,47.110966,139.00632546254448
2857,177.66250056807635,175.12561433881694,-0.1718843,0.021999536,-0.31499073,-0.29709244,42.450344,139.00632546254448
2858,178.43674300805878,173.89719154501472,-0.14852118,0.010140595,-0.29365003,-0.3105741,44.64151,139.00632546254448
2859,177.72020558439928,170.81810788459654,-0.1435442,0.011203832,-0.30389118,-0.31705168,46.73655,139.00632546254448
2860,176.14763595756025,166.2659261980681,-0.13769563,0.006141657,-0.27579653,-0.3848514,55.224403,139.00632546254448
2861,174.5692269322236,160.58691566961684,-0.14723775,0.006634746,-0.256325,-0.41688624,58.884624,139.00632546254448
2862,173.39595717828013,155.85046778155552,-0.14713545,0.006552418,-0.23226376,-0.44117144,63.43606,139.00632546254448
2863,173.04211093024628,155.8256088229172,-0.117257245,-0.0029629243,-0.16886605,-0.5690832,82.9379,139.00632546254448
2864,173.72808024038898,161.4586920589854,-0.10892435,-0.014046447,-0.11026267,-0.6311944,91.63768,139.00632546254448
2865,174.84307055679594,168.82254905889548,-0.12500967,-0.015597065,-0.10119563,-0.5786579,83.043945,139.00632546254448
2866,175.72637264893044,173.30354390070028,-0.12116595,-0.045027405,-0.101896845,-0.52284735,75.370125,139.00632546254448
2867,176.162199990163,173.54177465802982,-0.1321272,-0.051860835,-0.108596794,-0.48887745,66.13465,139.00632546254448
2868,175.6435020991093,171.54772674880277,-0.052836474,-0.0036667725,0.23706731,-0.49927777,79.18165,139.00632546254448
2869,174.28093493618945,170.51211481417633,-0.0967508,-0.040546793,0.1356078,-0.57041967,79.818085,139.00632546254448
2870,173.78451360117205,170.98930887241227,-0.10558689,-0.04308293,0.10303714,-0.5568866,78.55352,139.00632546254448
2871,175.23776491724144,169.62508884090414,-0.1169534,-0.05203449,0.10320882,-0.553331,79.51451,139.00632546254448
2872,177.28697303363091,164.0092870568383,-0.12620266,-0.07250295,0.07695261,-0.49824077,73.82232,139.00632546254448
2873,177.88922995407447,156.72446644721958,-0.12762967,-0.081330255,0.09497208,-0.49706975,71.33028,139.00632546254448
2874,176.70765413414588,151.81310315757423,-0.12572494,-0.089056775,0.1283019,-0.45662284,69.4015,139.00632546254448
2875,175.3025772664785,150.19777135363125,-0.11062272,-0.07917019,0.24951747,-0.5017725,81.68837,139.00632546254448
2876,175.16251558716485,150.84281680998293,-0.103337474,-0.07895043,0.3062394,-0.50652534,84.211205,139.00632546254448
2877,175.53789993638875,152.9065277018343,-0.09480743,-0.08801966,0.31938988,-0.48461178,85.29237,139.00632546254448
2878,173.68322138133837,154.9530367348099,-0.09412334,-0.08051992,0.31309432,-0.46429875,82.07934,139.00632546254448
2879,167.87175964294275,154.72835643048919,-0.08593798,-0.08060665,0.361504,-0.47269982,84.53101,139.00632546254448
2880,159.79962063556877,151.32630197888406,-0.0863191,-0.0867584,0.42867473,-0.4717885,90.75849,139.00632546254448
2881,153.37065746362924,146.94706516629392,-0.07287309,-0.08225606,0.43906078,-0.5085571,96.25606,139.00632546254448
2882,151.4396300623324,145.50557450637586,-0.05749074,-0.07731353,0.5079228,-0.50423765,97.93854,139.00632546254448
2883,153.1917968302802,148.58179310317382,-0.065629125,-0.05936189,0.54890764,-0.48709422,102.30322,139.00632546254448
2884,154.94314195245187,153.2384941717158,0.004110684,-0.023105145,0.6424865,-0.45797992,107.18399,139.00632546254448
2885,154.3479098537834,155.12765927938005,-0.014615717,-0.065756895,0.66707814,-0.595212,115.93228,139.00632546254448
2886,150.85755430930968,153.1764737996014,-0.03249645,-0.077469625,0.67155504,-0.6284735,122.45318,139.00632546254448
2887,143.92100367898928,150.72656563858703,-0.036633037,-0.08837159,0.65113205,-0.65086913,121.86601,139.00632546254448
2888,136.12912986012978,152.0599600875586,-0.034926325,-0.110557735,0.6028857,-0.6489973,116.08602,139.00632546254448
2889,132.7723597703293,157.10461629547896,-0.030613665,-0.12790453,0.6684112,-0.7015205,130.10149,139.00632546254448
2890,134.16374973766452,161.03797074816038,-0.019940462,-0.086555324,0.8093675,-0.6476422,139.85854,139.00632546254448
2891,134.62708896778602,159.5804561295312,-0.019294573,-0.08694457,0.88637364,-0.61279964,146.89833,139.00632546254448
2892,130.4724715524274,152.38097504576757,-0.021659907,-0.075154126,1.0282226,-0.52903575,154.42476,139.00632546254448
2893,124.53764771741973,141.5367639227551,-0.028305849,-0.07299582,1.0625979,-0.51348084,160.01703,139.00632546254448
2894,121.78794750372167,129.29534605949368,-0.081094906,-0.096630715,1.1223959,-0.5938111,169.7011,139.00632546254448
2895,121.64995278744928,118.00135036012016,-0.031155491,-0.10041165,1.1829559,-0.60001236,173.74323,139.00632546254448
2896,118.5473438597353,109.83840740076494,-0.06095466,-0.101953045,1.1791859,-0.6456488,176.80075,139.00632546254448
2897,112.20026982682748,105.82096130374654,-0.008610834,-0.12150338,1.052343,-0.59825724,143.91153,139.00632546254448
2898,110.54164566753221,107.55755199922787,-0.03596695,-0.074933596,1.1149399,-0.5862024,162.502,139.00632546254448
2899,118.25230814498005,116.94997103009518,0.03229359,-0.011969042,1.2422333,-0.4800069,166.81378,139.00632546254448
2900,128.6328482627476,131.1562549008673,0.01681903,-0.074519545,1.4009279,-0.63129354,192.25914,139.00632546254448
2901,131.74603938388898,142.89913428832546,-0.030376779,-0.06966352,1.3608543,-0.59048086,203.45897,139.00632546254448
2902,127.89058098190563,146.99054513056632,-0.04851481,-0.040224396,1.4892064,-0.46205953,201.93152,139.00632546254448
2903,126.79993415796567,144.24718979627767,0.01239067,-0.029652184,1.5367043,-0.43565986,207.225,139.00632546254448
2904,132.83509346780946,141.51236479350314,0.024875961,-0.03777421,1.4128295,-0.48759347,197.38516,139.00632546254448
2905,138.48101479932944,145.72278761953444,0.073149495,-0.044477455,1.5789115,-0.49256486,217.73062,139.00632546254448
2906,134.74235022176444,153.6330144547388,0.054964703,-0.03856796,1.6455945,-0.3561473,210.11943,139.00632546254448
2907,121.53907045794558,153.392484026014,0.040541306,-0.051301114,1.4506416,-0.35019323,189.96638,139.00632546254448
2908,106.5671149295718,139.9739512199787,0.04687594,-0.017379409,1.4756303,-0.3067465,185.84554,139.00632546254448
2909,98.5553714210085,122.39006676141015,0.065557115,-0.005290607,1.5503075,-0.28080678,187.0419,139.00632546254448
2910,102.16724782657504,113.74934669129392,0.03767454,0.0078119244,1.4387329,-0.20136546,183.52962,139.00632546254448
2911,115.35805711389969,118.6233532475149,0.04244165,0.013623722,1.262027,-0.32850587,173.87445,139.00632546254448
2912,129.85809982373826,130.61663764501003,0.07410165,-0.005587865,1.1951189,-0.37012404,161.56834,139.00632546254448
2913,137.7599495892876,140.30493860720654,0.095279,-0.024335233,1.0801554,-0.33445194,144.20328,139.00632546254448
2914,139.73452310196996,144.7174576148079,-0.018702691,0.055838477,0.87240076,-0.295526,132.70967,139.00632546254448
2915,143.4780394408482,148.12645562788302,-0.043047145,0.018383918,0.7424202,-0.47194558,127.554,139.00632546254448
2916,153.14920366439603,154.27784089091315,0.03361962,0.09839385,0.8972629,-0.25573555,127.64671,139.00632546254448
2917,164.08151548648019,160.81831581567954,0.04388711,-0.016314086,0.88695806,-0.49145925,136.31793,139.00632546254448
2918,168.8940292278893,162.76006568962293,0.030610591,-0.017786108,0.84639215,-0.5422046,135.73946,139.00632546254448
2919,166.16629168108756,158.9626759723611,-0.03315946,-0.042692367,0.8021327,-0.66912514,133.52072,139.00632546254448
2920,161.35406078437487,152.7186865210956,-0.037028212,0.00073699886,0.79039603,-0.5867091,132.0531,139.00632546254448
2921,159.65826927813583,147.84463791701214,0.008737289,-0.004233627,0.74594253,-0.59176266,130.06328,139.00632546254448
2922,160.30526080084113,146.19901630710498,0.037938867,0.04913743,0.68790334,-0.39473984,108.48157,139.00632546254448
2923,159.5280908362155,147.57172443185308,0.046014458,0.03948334,0.6305817,-0.46183857,101.32904,139.00632546254448
2924,156.6033452788878,150.36643542262416,0.057609294,0.03479921,0.5853655,-0.44087175,92.24676,139.00632546254448
2925,154.1191883083833,152.9687991790035,0.08415003,0.021999536,0.534446,-0.4710887,83.251976,139.00632546254448
2926,154.27914410729971,155.55872202493703,0.018984582,0.02655062,0.3277847,-0.40402114,71.99128,139.00632546254448
2927,156.78614104464228,159.06205974413228,-0.090334065,0.010124129,0.037408456,-0.4398781,61.082054,139.00632546254448
2928,159.9267793729097,162.40991527461017,-0.013057415,0.00209464,0.12352075,-0.4359297,59.236115,139.00632546254448
2929,162.85061660678662,163.58974876285737,-0.11269519,-0.03424531,-0.1552747,-0.40585718,50.254337,139.00632546254448
2930,165.69548432839713,162.06334736953647,-0.10155787,-0.02490055,-0.15974632,-0.36165327,43.899765,139.00632546254448
2931,168.38896202469772,158.87448945349422,-0.034500416,-0.02251063,-0.116356246,-0.38235158,45.319283,139.00632546254448
2932,170.01074286553424,156.12573036814896,-0.1353518,-0.013850617,-0.30431226,-0.17997503,20.689081,139.00632546254448
2933,169.44565999919124,156.26707216290382,-0.14258656,0.015992459,-0.35344243,-0.16724232,23.89344,139.00632546254448
2934,167.54930977604425,160.6523939111841,-0.099106915,0.017103335,-0.23445697,-0.07314137,17.400177,139.00632546254448
2935,166.60118421158185,167.8481245192158,0.043515205,-0.0030110038,-0.023818433,-0.17846107,30.025398,139.00632546254448
2936,166.9517524593206,174.0887910953636,0.021374943,-0.018977337,-0.046309523,-0.1627312,22.590431,139.00632546254448
2937,166.987220175716,176.86808297916326,-0.07454995,0.0025763127,-0.26858196,-0.12505314,29.586554,139.00632546254448
2938,165.75945080832736,176.7336093099453,-0.04419315,0.0038795075,-0.3366581,-0.26665878,54.034946,139.00632546254448
2939,164.26873591040052,175.38237892379192,0.0761223,-0.047751687,-0.15995796,-0.5227296,71.974846,139.00632546254448
2940,164.4531325249304,174.38007543867073,0.08438275,-0.06541529,-0.10386613,-0.44941935,62.369484,139.00632546254448
2941,166.0982223966748,174.95505596556404,0.044959348,-0.045757156,-0.18484467,-0.3953124,62.993275,139.00632546254448
2942,166.00357132264483,176.9917242573286,0.080593035,-0.060650814,-0.10895333,-0.3529691,53.919277,139.00632546254448
2943,162.39452668939447,178.85101888660222,-0.010630172,-0.02104168,-0.22637919,-0.37470213,58.387825,139.00632546254448
2944,158.16351082439508,179.12917503493748,-0.03847235,0.014637232,-0.30260643,-0.25962535,58.518307,139.00632546254448
2945,157.57936826993756,178.00055792252863,-0.030716848,0.013387166,-0.35351005,-0.28171733,61.636322,139.00632546254448
2946,161.31911165854902,176.1036072655927,0.01128616,-0.014992011,-0.2948057,-0.4677295,80.05881,139.00632546254448
2947,166.04004931600937,173.58959216023442,-0.01894682,0.01634043,-0.42393792,-0.55868906,99.150925,139.00632546254448
2948,168.36975145426285,171.46815740701112,-0.038776636,0.024029631,-0.46497887,-0.5519974,99.734055,139.00632546254448
2949,168.2968175774442,171.3705494188165,-0.0769166,0.03637837,-0.5512699,-0.56841207,107.71961,139.00632546254448
2950,168.27206573526948,173.18369527217885,-0.07135168,0.031129146,-0.50675666,-0.61251765,109.56546,139.00632546254448
2951,170.0692682792044,175.36642664006646,0.090783685,0.002908478,-0.1991043,-0.8117271,117.050934,139.00632546254448
2952,173.11998954908586,176.89509612202923,0.119977795,-0.0133818975,-0.18350855,-0.8680986,120.79266,139.00632546254448
2953,175.66216204149566,177.24612589620529,0.12915637,-0.036732927,-0.2073081,-0.93213826,130.60535,139.00632546254448
2954,176.8209704704496,175.96573867603362,0.113727465,-0.052299917,-0.238093,-1.0356079,145.99835,139.00632546254448
2955,177.00379420999252,173.19073262940555,0.08105012,-0.024851155,-0.31033996,-1.045739,149.24628,139.00632546254448
2956,176.96690625768161,169.95714012411713,-0.1007043,0.050666314,-0.5641451,-0.8158424,137.64923,139.00632546254448
2957,177.13903280459868,168.07144434632062,-0.07048317,0.025536122,-0.5275094,-0.73764825,123.28765,139.00632546254448
2958,177.5861803199961,168.89446772219787,-0.07309791,0.024103398,-0.5912193,-0.8827198,143.21027,139.00632546254448
2959,177.4872056236919,171.3876688128467,-0.07581319,0.06780302,-0.6560717,-0.91930014,160.46596,139.00632546254448
2960,174.677966808814,172.88184131074593,-0.17871246,0.081604674,-0.91901934,-0.8258003,154.26265,139.00632546254448
2961,166.57175651839472,171.94616181495488,-0.20652434,0.06825615,-0.88153803,-0.8131155,151.62265,139.00632546254448
2962,150.57297043767477,168.61830132311763,-0.19687596,0.071768805,-0.9773628,-0.83154,157.89536,139.00632546254448
2963,127.66636686845901,162.74299758866886,-0.12623516,0.020791404,-0.9207379,-0.8574821,165.06595,139.00632546254448
2964,107.91094035937498,155.0481128222552,-0.13486442,0.027982246,-0.9500524,-0.84259146,169.6692,139.00632546254448
2965,102.32700024995182,149.5302410150606,-0.18768334,0.07546807,-1.127077,-0.7622445,174.87148,139.00632546254448
2966,108.97402951352002,150.26279450552218,-0.021066708,-0.020416867,-0.8510003,-1.0168353,189.5851,139.00632546254448
2967,118.31648799142809,154.76631773154662,0.16132481,-0.05577152,-0.74194425,-0.92969984,176.16434,139.00632546254448
2968,127.37706730007243,155.31915297934844,-0.06913256,0.04977388,-1.0740771,-0.72455245,172.37564,139.00632546254448
2969,137.01091847509605,149.31110444425434,-0.18739618,0.11634066,-1.3085039,-0.72600687,183.33032,139.00632546254448
2970,142.7260514040258,144.71314956824983,-0.20892699,0.13959225,-1.3797598,-0.68244755,188.50972,139.00632546254448
2971,140.17064385742253,150.2721836046901,-0.19617914,0.14348185,-1.3171802,-0.6306065,184.39412,139.00632546254448
2972,133.98891694455898,163.1590052194218,-0.18932901,0.15751754,-1.2203147,-0.50821155,165.52422,139.00632546254448
2973,132.94414603534307,172.77753172121155,-0.14949727,0.15824158,-1.1903394,-0.42584264,153.78525,139.00632546254448
2974,140.01524258173302,173.41088330326897,-0.13020797,0.113193326,-1.1182593,-0.4170799,154.73541,139.00632546254448
2975,151.09413786930315,167.91792748947086,-0.16607437,0.15880208,-1.1613324,-0.3199539,144.79022,139.00632546254448
2976,160.56807443260192,162.73123494387207,-0.14574005,0.14204934,-1.0796167,-0.34815237,143.21075,139.00632546254448
2977,165.65503736062482,162.2829427733808,-0.023334565,0.026716813,-0.86185706,-0.60534763,138.84935,139.00632546254448
2978,167.19478843234626,165.7347859970879,-0.05033766,0.034964964,-0.88583225,-0.5330491,138.43576,139.00632546254448
2979,168.15417977031743,168.22658854364536,-0.09020146,0.045568902,-0.9546043,-0.49357706,137.38644,139.00632546254448
2980,169.92080748010824,165.43247953954665,-0.09747221,0.12406455,-1.0186185,-0.3760455,136.42767,139.00632546254448
2981,170.56803290295375,156.96010483356193,-0.08868443,0.12776206,-1.0492572,-0.39517507,140.3387,139.00632546254448
2982,168.74364400879224,147.26446287848205,0.072022595,-0.06403943,-0.7281918,-0.90641385,160.60413,139.00632546254448
2983,166.69214450298665,142.748001004356,-0.029677542,0.041278522,-0.93861604,-0.7761707,163.47531,139.00632546254448
2984,167.52704135649554,145.9101274624999,-0.08346595,0.10387996,-0.97702956,-0.6734847,160.37747,139.00632546254448
2985,171.64699374876153,153.7372772598354,-0.12801695,0.113908365,-0.90135074,-0.5392149,151.0741,139.00632546254448
2986,176.43840718820022,162.44874346687013,-0.0911569,0.06812596,-0.861043,-0.6435508,148.88646,139.00632546254448
2987,178.5920822294793,170.24268646111227,-0.11306577,0.0789254,-0.8457985,-0.7017371,150.08943,139.00632546254448
2988,176.68848991774516,175.12642142219332,-0.0632976,0.06351363,-0.72200555,-0.86910397,146.29857,139.00632546254448
2990,171.3231526201955,173.93463056589587,0.026811216,-0.0012711419,-0.79078025,-0.5457112,139.42444,139.00632546254448
2991,163.18587141555562,164.46914775873037,0.04531676,-0.047504704,-0.804282,-0.596282,144.91003,139.00632546254448
2992,152.16860036153554,148.09534442773682,0.047308434,-0.066051304,-0.8491518,-0.60964864,150.87047,139.00632546254448
2993,138.06382718488626,129.63200879092807,-0.054614756,-0.034055848,-0.9634101,-0.43692946,142.22781,139.00632546254448
2994,122.9511453972816,114.08279270829821,0.015219016,-0.044812694,-0.84141386,-0.5267259,144.09906,139.00632546254448
2995,113.29452359360711,104.32258925267323,0.056734204,-0.05061867,-0.83663005,-0.5688092,144.85039,139.00632546254448
2996,115.43561322203762,100.59756664147105,0.101485424,-0.05038596,-0.79107445,-0.5703874,146.99077,139.00632546254448
2997,128.21959657847918,100.21022570315564,0.040154472,-0.009971549,-0.9075185,-0.46944106,146.09792,139.00632546254448
2998,144.1914732451791,99.60417022404404,0.1456531,-0.045036405,-0.7897528,-0.5391463,148.50166,139.00632546254448
2999,156.68020615519765,98.1501902172019,0.14583576,-0.04530666,-0.80319,-0.53375417,149.37024,139.00632546254448
3000,163.0882978731928,98.10143843678317,0.13418868,-0.045369886,-0.771184,-0.5286992,144.80023,139.00632546254448
3001,164.32467483959158,100.9129030588548,0.10449884,-0.06859622,-0.8184042,-0.52369475,144.25117,139.00632546254448
3002,163.1131201065006,105.65167630351523,0.11648446,-0.093404785,-0.85321766,-0.51688087,148.24179,139.00632546254448
3003,161.71743157278863,110.60258127813961,0.034478463,-0.006500826,-0.94663453,-0.32510474,142.3929,139.00632546254448
3004,160.55806265261862,115.04918374066165,0.017377982,0.00387358,-0.8883574,-0.3502569,136.17844,139.00632546254448
3005,158.76154945469042,119.49664135436969,-0.005675133,0.010273198,-0.93648475,-0.33673647,135.74591,139.00632546254448
3006,155.79330045563316,124.16476492610981,-0.0007231678,0.0075361812,-0.9107914,-0.32703605,135.13205,139.00632546254448
3007,151.94332398810897,127.75562677036955,0.008229711,-0.031897757,-0.8682027,-0.37303165,135.11292,139.00632546254448
3008,147.68450889456304,129.19387998253796,-0.01661837,-0.010682422,-0.87055135,-0.33152258,132.33801,139.00632546254448
3009,142.50383301500025,130.0401924781087,0.01988953,-0.03743897,-0.8326559,-0.30582994,134.24503,139.00632546254448
3010,135.1090908761444,132.88523205314954,0.008834327,0.014764346,-0.854246,-0.27728215,134.00446,139.00632546254448
3011,129.56859606948433,137.56515315134993,-0.00047859922,0.04545836,-0.8697952,-0.1723899,127.10426,139.00632546254448
3012,135.07611009896607,141.2390318758414,0.016496304,0.039885096,-0.887481,-0.177676,120.0634,139.00632546254448
3013,150.82815225192624,142.79246161705652,-0.031804454,0.0356754,-0.8664415,-0.26025477,120.71448,139.00632546254448
3014,163.07796262269957,144.89215647046854,-0.051009454,0.022363756,-0.8326612,-0.31458193,120.753914,139.00632546254448
3015,163.42203748430347,149.7087940567602,-0.03874063,0.03956391,-0.82632613,-0.31781402,121.791084,139.00632546254448
3016,157.8305984010805,154.83912054032592,-0.02052532,-0.0074174097,-0.71769243,-0.4582459,114.178856,139.00632546254448
3017,155.88376672529765,156.76965257102196,-0.06424777,0.034550034,-0.7311758,-0.45680517,110.56329,139.00632546254448
3018,159.99150139681709,155.83475532719152,-0.055818718,0.069698535,-0.7740464,-0.39233193,116.90132,139.00632546254448
3019,165.82423818042287,154.0495172331289,-0.059631705,0.048803948,-0.79938537,-0.3743807,118.06066,139.00632546254448
3026,167.04470684486856,151.70513758622576,0.025066743,-0.0146758715,0.44348627,-0.36098674,76.85555,139.00632546254448
3051,160.40116187706542,149.75983625737985,0.0826285,-0.018719595,0.23202358,-0.7476071,105.272644,139.00632546254448
3052,151.78235666992975,152.01408761674998,-0.020703642,-0.011458499,-0.03994717,-0.7542383,106.22016,139.00632546254448
3053,152.44007763113024,160.82306677970658,-0.055952143,0.0005124085,-0.104126506,-0.7388206,104.16745,139.00632546254448
3054,164.57587470796167,172.45850575362553,-0.03829639,-0.0054711793,-0.048403174,-0.73860437,102.378456,139.00632546254448
3055,178.38424212984899,180.31944616953035,0.0077708703,-0.0065500033,0.09801437,-0.75045013,103.389565,139.00632546254448
3056,184.69790867772628,181.61395746172917,0.0806561,-0.0025596276,0.24198009,-0.7970062,110.75476,139.00632546254448
3057,183.1581922595013,178.96119069428534,0.11839282,0.0039093653,0.29827723,-0.77779394,110.82371,139.00632546254448
3058,178.44436222653096,176.7189952441656,0.13494785,0.0023025451,0.34354597,-0.7506185,107.84325,139.00632546254448
3059,174.1672693348879,176.75589588417876,0.12922019,-0.003355244,0.32279322,-0.72143716,104.93526,139.00632546254448
3060,171.90576535743978,177.57074945347358,0.11741361,-0.002149525,0.31361976,-0.713086,103.01736,139.00632546254448
3061,172.47671398038173,177.10329065691045,-0.00020713687,-0.004162057,0.011263438,-0.72393906,103.7392,139.00632546254448
3062,175.1585920906788,175.4940445234325,0.06959299,-0.0077607716,0.26364368,-0.7100397,104.86046,139.00632546254448
3063,177.34300241694214,174.3827688527078,0.059232634,-0.015464902,0.23565988,-0.68657315,101.89413,139.00632546254448
3064,176.8288783614644,174.54292733484402,0.0820824,3.6224254e-05,0.26982227,-0.687737,101.137054,139.00632546254448
3065,174.14224188125212,175.6001266136544,0.06577446,-9.857387e-05,0.20753247,-0.6963419,100.09574,139.00632546254448
3066,172.10168292372364,177.04076690952016,0.07140525,0.0021541356,0.19850473,-0.7051283,101.17336,139.00632546254448
3067,172.86495874382882,178.2810285684246,0.09959869,0.0025339413,0.24606179,-0.7075916,102.35649,139.00632546254448
3068,175.77831911414245,178.6592874627956,0.048858613,0.0007947381,0.14890867,-0.7152986,102.298645,139.00632546254448
3069,178.5645136627012,177.89381584244137,0.0634886,0.0068237707,0.1904456,-0.71454245,102.84337,139.00632546254448
3070,179.66782939482277,176.37016684157152,0.09528888,0.007005331,0.29520854,-0.71570516,103.45444,139.00632546254448
3071,178.99357552595416,175.1154086173767,-0.062411312,-0.008548484,0.00800073,-0.7373271,101.81704,139.00632546254448
3072,177.25082146216266,174.7206227355397,-0.10609908,-0.012555765,-0.09103264,-0.7312963,99.83384,139.00632546254448
3073,174.86922800531522,174.2240473592992,-0.10867681,-0.0113261165,-0.13065846,-0.68877363,94.70155,139.00632546254448
3074,171.9469745101087,172.64024158953566,0.05665978,0.006579422,0.25852996,-0.69702506,103.68487,139.00632546254448
3075,168.98575282591386,171.14762830235298,0.090479836,-0.008967369,0.2493559,-0.7050743,105.14132,139.00632546254448
3076,166.27405845751298,171.67515433035476,0.064007156,-0.009677144,0.1739931,-0.74133456,105.54904,139.00632546254448
3077,163.63618018372216,174.12037097482414,0.06374052,-0.007281733,0.2427161,-0.7257329,104.310005,139.00632546254448
3078,161.49771756756002,176.74134189964303,0.10119618,-0.005396316,0.26050758,-0.73071426,104.62264,139.00632546254448
3079,160.88213077803007,178.1423710022219,0.0503763,-0.0060898457,0.24472259,-0.7653976,109.81974,139.00632546254448
3080,162.14103058657358,177.1415133665681,-0.04205877,-0.009273189,-0.023372656,-0.8021904,110.51796,139.00632546254448
3081,163.8266323389892,171.87388225184668,-0.11477248,-0.0085599,-0.13787356,-0.837946,112.78301,139.00632546254448
3082,164.9518866925239,163.08407210060614,-0.13020945,-0.010741259,-0.11528763,-0.9403186,124.67397,139.00632546254448
3083,167.4675400617855,157.45172209921137,-0.05167373,-0.013173553,0.06888991,-1.0037224,136.41055,139.00632546254448
3084,172.57394286969821,161.07393387712202,-0.05062158,-0.015252166,0.11068886,-0.98967814,136.53114,139.00632546254448
3085,177.66790496032937,171.00174738001954,-0.07979173,-0.027710455,0.06699708,-1.060677,139.52838,139.00632546254448
3086,179.57469570085843,178.92636988951404,-0.12981196,-0.02659826,-0.039134294,-1.062839,139.7563,139.00632546254448
3091,177.56737262398195,179.92281706311908,-0.09131321,-0.02635918,-0.08535619,-0.25905368,33.698734,139.00632546254448
3092,172.6405882934735,173.5987998234198,-0.08855973,-0.0250494,-0.030598296,-0.34595808,43.572258,139.00632546254448
3093,166.8377090712633,162.00822454588916,-0.09312487,-0.035533797,-0.037022065,-0.28873298,32.44262,139.00632546254448
3094,163.5812490255093,150.35574248453307,-0.093271084,-0.034190644,-0.022090208,-0.3054611,35.101616,139.00632546254448
3095,165.31075955355328,144.25639404180936,-0.08964602,-0.040822096,0.0077932635,-0.29598442,35.59567,139.00632546254448
3096,170.28550787592494,143.61892035732672,-0.08272126,-0.04159532,0.04188621,-0.28816503,35.337307,139.00632546254448
3097,173.62014230439112,142.94461474217678,-0.07730607,-0.033152875,0.11108814,-0.35161653,45.539062,139.00632546254448
3098,170.94002331207298,137.57238923807816,-0.060784295,-0.005788855,0.13958983,-0.31006247,47.177986,139.00632546254448
3099,161.98094710919946,128.0228563156848,-0.045552544,-0.012612406,0.1683352,-0.34221995,50.985615,139.00632546254448
3100,152.82745496608675,119.99587701787028,-0.041568317,-0.020538712,0.14573829,-0.3197306,45.935307,139.00632546254448
3101,150.54767452881836,120.49940593792213,-0.030740999,-0.014623182,0.15161979,-0.31624365,43.87679,139.00632546254448
3102,153.59431337375543,131.47537834150248,-0.031824652,-0.0072556078,0.1389312,-0.30349118,44.818222,139.00632546254448
3103,154.66995549907125,147.02324734163852,-0.042998847,-0.01626381,0.1118662,-0.3261476,44.642994,139.00632546254448
3110,151.57225534249417,158.53256239264658,-0.03617815,0.051020212,-0.35689318,0.054000042,45.01119,139.00632546254448
3111,146.86212167761204,161.42670423522813,-0.027169507,0.07441273,-0.13367935,0.14992976,15.38207,139.00632546254448
3112,142.94455944728304,157.90131722181874,-0.026892006,0.06680081,-0.11015949,0.12757348,12.189688,139.00632546254448
3117,143.12255329532513,155.58743440647805,-0.04348974,0.008097547,-0.09838024,-0.0620618,15.49017,139.00632546254448
3118,150.1260472142764,160.58293450210678,-0.03931846,0.04014723,-0.10930503,0.014057645,15.408956,139.00632546254448
3120,161.82908002992446,170.96381953279976,-0.048847854,0.059861783,-0.08252675,0.058153756,10.445976,139.00632546254448
3121,172.29838866427397,179.71045870943448,-0.046967708,0.045534544,-0.07831288,-0.00729754,13.161033,139.00632546254448
3122,177.08945742886976,182.2406926513889,-0.06529279,0.060772438,-0.1656994,0.02797149,20.294823,139.00632546254448
3123,176.71281666956435,179.1868551423433,-0.06606864,0.0599305,-0.1719326,0.03510767,17.681704,139.00632546254448
3124,175.04857399731446,174.008329895547,-0.060631935,0.040087953,-0.20280927,-0.02790892,26.208885,139.00632546254448
3125,174.94233780618387,170.39183730767172,-0.037806265,0.04154307,-0.204141,-0.15398534,37.78331,139.00632546254448
3126,175.4546222401211,168.6230116350934,-0.038568072,0.038241174,-0.25499767,-0.23358276,46.28592,139.00632546254448
3127,173.54269374143905,163.12411358067055,-0.05190562,0.031003788,-0.22727622,-0.20049354,39.208706,139.00632546254448
3128,168.60021100174947,151.49038393992566,-0.058719292,0.026686516,-0.24262126,-0.24889332,46.81374,139.00632546254448
3129,163.76809015959168,141.84067834316167,-0.07093235,0.0033436082,-0.22348827,-0.31555232,49.3446,139.00632546254448
3130,162.01780927546247,141.9473756273158,-0.079440445,-0.0009402938,-0.17955023,-0.28589892,41.75919,139.00632546254448
3131,163.51161462249425,150.749396666869,-0.061052136,-0.00474406,-0.093760654,-0.31853893,44.469128,139.00632546254448
3132,167.33104339461624,163.30494990846142,-0.057607975,-0.011818547,-0.04910867,-0.3393264,46.731583,139.00632546254448
3133,172.3200956894098,174.2434591396435,-0.07352513,-0.023613602,-0.057274714,-0.33304688,45.358776,139.00632546254448
3134,176.22742065520862,178.83945294065822,-0.08469142,-0.026322737,-0.056494027,-0.33256367,45.51996,139.00632546254448
3135,177.46058383723113,176.18692539964798,-0.08580581,-0.028238231,-0.02629749,-0.34551087,47.518185,139.00632546254448
3136,177.14742263841924,169.84178970285606,-0.09153276,-0.029468978,-0.03924777,-0.33992618,46.387447,139.00632546254448
3137,177.35434706122726,164.2269808983344,-0.10771687,-0.030033637,-0.08222818,-0.29974428,39.885063,139.00632546254448
3138,178.42533699312872,161.39180309106766,-0.10983281,-0.037389796,-0.110867284,-0.2749041,30.640102,139.00632546254448
3139,179.14998205646762,161.2641465456062,-0.107208416,-0.037886836,-0.087851934,-0.28453866,33.68373,139.00632546254448
3140,178.75359971176198,162.73176574602937,-0.10395043,-0.04156678,-0.05178092,-0.29370776,35.13337,139.00632546254448
3141,177.8120955308621,164.04288492551515,-0.09548098,-0.059792407,-0.050255552,-0.28252238,31.979828,139.00632546254448
3142,177.10410998987282,164.4795167752139,-0.10299938,-0.057132013,-0.073390774,-0.2518615,24.124363,139.00632546254448
3143,176.42988815653638,165.22874036134723,-0.093255274,-0.048311517,-0.052463695,-0.2883108,30.739817,139.00632546254448
3144,174.6863596749265,167.06424220051593,-0.08678014,-0.047767933,-0.049155653,-0.3062833,34.50808,139.00632546254448
3145,170.64108986798473,168.82573457498097,-0.08519461,-0.039695412,0.0038173776,-0.34634006,44.37948,139.00632546254448
3146,164.73988287189744,169.145236829539,-0.08886314,-0.035582755,-0.016184995,-0.3420129,43.057446,139.00632546254448
3147,160.62142202826547,168.23790501276545,-0.088209346,-0.04139795,-0.024835346,-0.37618095,46.272987,139.00632546254448
3148,162.38114788989785,167.51949097377062,-0.09036304,-0.023310415,-0.030822666,-0.34985536,43.39035,139.00632546254448
3149,169.3360516353131,167.98263918284107,-0.09041749,-0.014842723,-0.043425195,-0.35420424,46.598034,139.00632546254448
3150,176.01491330637646,169.51939582137865,-0.097231165,-0.010090101,-0.11277027,-0.27861696,37.97384,139.00632546254448
3151,177.97492243704787,171.79512057859833,-0.10643827,-0.00065532967,-0.15393332,-0.2353314,34.27477,139.00632546254448
3152,175.85323180725314,174.69993842693776,-0.107189976,-0.0022281208,-0.16545437,-0.29465026,36.545204,139.00632546254448
3153,173.52210677345607,177.64823427082555,-0.104507625,0.0060564755,-0.17873661,-0.33247605,46.991516,139.00632546254448
3154,173.3131775205915,179.56795401437648,-0.100638874,0.012630848,-0.19896027,-0.29056,43.27014,139.00632546254448
3155,174.0532820207667,180.042889479269,-0.09566057,0.022194928,-0.20876102,-0.32648984,46.760525,139.00632546254448
3156,173.91828626205435,179.63759516698332,-0.09725443,0.024907136,-0.22437608,-0.28575754,41.887463,139.00632546254448
3157,173.47374646145232,178.98127394263918,-0.10539325,0.019627836,-0.24817827,-0.30463058,46.63526,139.00632546254448
3158,174.34098796385226,178.3086940257769,-0.11116015,0.027657107,-0.26671544,-0.3142197,47.813103,139.00632546254448
3159,176.08212926304574,177.60560963503215,-0.115568094,0.033539046,-0.26920107,-0.24663578,39.725937,139.00632546254448
3160,176.6914165087841,176.7308541785614,-0.12929292,0.02943407,-0.2607953,-0.22426456,36.15744,139.00632546254448
3161,175.4993138043538,175.89214165210885,-0.12620924,0.028245915,-0.2696226,-0.24085131,39.08901,139.00632546254448
3162,173.33569373504514,175.73481667760188,-0.123290226,0.032063074,-0.29924393,-0.2466933,39.891563,139.00632546254448
3163,170.71562777818042,176.44572669063842,-0.111349836,0.035180554,-0.26244316,-0.2281838,37.99606,139.00632546254448
3164,167.91783057378098,177.307015910179,-0.111475855,0.032909624,-0.27650037,-0.22368959,36.832165,139.00632546254448
3165,165.83530257495238,177.4677485828341,-0.104889624,0.028332414,-0.28476083,-0.24510711,42.342487,139.00632546254448
3166,165.12944746632613,176.78090188985544,-0.103101686,0.028395861,-0.29408824,-0.2748492,47.794716,139.00632546254448
3167,165.38342181140183,175.6517257585199,-0.09894665,0.035117984,-0.28939885,-0.2577597,44.85346,139.00632546254448
3168,166.0058405863931,174.36936385522034,-0.09425287,0.035451468,-0.26644626,-0.24015142,41.987045,139.00632546254448
3169,167.15542172886964,172.84988534122252,-0.08657772,0.03310853,-0.25901306,-0.22347027,41.02734,139.00632546254448
3170,169.3986997882915,171.28893041657219,-0.08995162,0.02465203,-0.25875533,-0.22189417,39.927715,139.00632546254448
3171,172.86448445052778,170.9759396785398,-0.09562368,0.023144882,-0.26298237,-0.24179052,41.520756,139.00632546254448
3172,176.46062526187592,172.99060329487483,-0.111078925,0.022636864,-0.26836288,-0.25788045,43.666233,139.00632546254448
3173,177.99812411617017,175.82159210445516,-0.10767121,0.016078738,-0.258992,-0.26117072,45.9188,139.00632546254448
3174,175.9702510835376,176.55969501596505,-0.106616095,0.008338603,-0.23197836,-0.29537672,47.606907,139.00632546254448
3175,171.81183592641796,174.68034552172122,-0.10632191,0.005273373,-0.203085,-0.35461873,50.746662,139.00632546254448
3176,169.59656462734964,172.39733611374993,-0.09736113,-0.014686409,-0.16566163,-0.38131118,54.555405,139.00632546254448
3177,171.88336447904848,171.64362589324995,-0.10576384,-0.019330138,-0.14885269,-0.41899186,57.88333,139.00632546254448
3178,176.51324928711193,172.19519964597617,-0.1094811,-0.020818187,-0.13955119,-0.41647285,56.581284,139.00632546254448
3179,179.06575900869944,172.32630491750473,-0.10607032,-0.019180192,-0.12036243,-0.42492518,57.2109,139.00632546254448
3180,177.63880120941892,171.2563303789275,-0.075206816,-0.030097084,-0.06168485,-0.44668543,60.56198,139.00632546254448
3181,173.99814586229348,170.34160844429718,-0.107999206,-0.033691846,-0.05569709,-0.4357108,58.51444,139.00632546254448
3182,170.77159605075724,170.64806617118685,-0.11612617,-0.03245122,-0.08136582,-0.35576847,48.715603,139.00632546254448
3183,169.0117845752588,171.24660402055852,-0.12221536,-0.036049057,-0.09681052,-0.32825494,42.88972,139.00632546254448
3184,168.40119627271258,171.53849578171497,-0.111120634,-0.034371767,-0.08317351,-0.32476315,40.62062,139.00632546254448
3185,168.37175524844946,172.71226008529177,-0.09541731,-0.03215616,-0.030063055,-0.32382724,43.471737,139.00632546254448
3186,168.537744102983,175.01024730436714,-0.12367838,-0.041980613,-0.06894068,-0.3531847,45.17272,139.00632546254448
3187,168.85539270237987,175.7293840488437,-0.12818511,-0.06975276,-0.118266255,-0.31639665,39.604897,139.00632546254448
3188,169.83402797906376,172.37847046197143,-0.12353656,-0.053685438,-0.11144995,-0.3442101,39.689816,139.00632546254448
3189,171.91239234584515,166.628078515539,-0.12167441,-0.04942503,-0.09544498,-0.3555777,43.848,139.00632546254448
3190,174.0055036455521,162.65382923561128,-0.130442,-0.044764392,-0.10863631,-0.3633892,44.261703,139.00632546254448
3191,173.5893106322569,162.46570991049626,-0.12338639,-0.045176033,-0.06349914,-0.40787607,51.803986,139.00632546254448
3192,169.494172230564,164.7995017935867,-0.11948119,-0.044863626,-0.06144116,-0.43922102,54.702675,139.00632546254448
3193,163.94042158925558,167.60862777160278,-0.11526118,-0.0393492,-0.07149131,-0.39922968,52.003506,139.00632546254448
3194,160.70778638295675,169.92840618330774,-0.113908365,-0.041130114,-0.07656973,-0.40220577,53.281826,139.00632546254448
3195,161.54570265057853,171.81947417975408,-0.1140919,-0.034443557,-0.08399021,-0.41022164,53.57617,139.00632546254448
3196,164.65699837905404,173.73855741782393,-0.119271755,-0.029318811,-0.10750524,-0.4056697,53.829235,139.00632546254448
3197,166.9157535620523,175.57217771364446,-0.11917559,-0.03569911,-0.12173017,-0.39959148,53.24867,139.00632546254448
3198,167.4061557918591,176.36894672166312,-0.11934201,-0.028284116,-0.14143133,-0.42861918,56.46713,139.00632546254448
3199,167.66838847336612,175.96056903773015,-0.12645733,-0.012922837,-0.17961434,-0.41660964,55.546543,139.00632546254448
3200,168.9674183849046,175.68647417535806,-0.12727314,0.011955101,-0.19926237,-0.44828698,61.54898,139.00632546254448
3201,170.9085300092109,176.52373090191128,-0.13175441,0.013382995,-0.24541207,-0.4462685,61.452545,139.00632546254448
3202,172.18225714625,177.74277552707312,-0.12724021,0.024646323,-0.27757043,-0.4261445,63.005898,139.00632546254448
3203,171.85302432154614,178.05373415584842,-0.12234225,0.023022158,-0.27934256,-0.4064697,61.042217,139.00632546254448
3204,170.31280220762645,177.21743472178215,-0.13207363,0.012484414,-0.2847156,-0.36649173,55.631287,139.00632546254448
3205,168.87772994898134,176.05701166421647,-0.1299858,0.023266947,-0.28335226,-0.3640772,54.84837,139.00632546254448
3206,168.45797239683748,175.44980583483397,-0.14183792,0.032245073,-0.33675075,-0.34180632,51.735012,139.00632546254448
3207,169.04333044668087,175.56484030719375,-0.15070605,0.03397703,-0.36054766,-0.32522112,51.72276,139.00632546254448
3208,169.99040222893595,175.82823146787823,-0.14776641,0.033543658,-0.3392869,-0.3519276,54.166065,139.00632546254448
3209,170.23116290193445,175.64701390774675,-0.14776729,0.026628338,-0.3423947,-0.3380803,53.338406,139.00632546254448
3210,169.06164838413997,174.9727151036243,-0.14576507,0.032018945,-0.3515083,-0.34073672,53.59814,139.00632546254448
3211,167.30112187239175,174.12691076971754,-0.1408052,0.035291202,-0.35242686,-0.33153358,53.181583,139.00632546254448
3212,166.65037500036402,173.58308550774493,-0.14789067,0.038737994,-0.3639646,-0.31029937,52.679363,139.00632546254448
3213,167.6648753046595,173.8437325700618,-0.14835258,0.04820416,-0.3580572,-0.28413272,50.727146,139.00632546254448
3214,169.26368498105396,174.99489281891348,-0.14868496,0.050258845,-0.36286864,-0.28993648,52.079636,139.00632546254448
3215,170.23622435639248,176.14340923780847,-0.14724083,0.04438722,-0.38373646,-0.30682313,54.938896,139.00632546254448
3216,170.59266098425357,175.68342827929015,-0.13978522,0.038447324,-0.38306203,-0.30245954,53.64859,139.00632546254448
3217,171.24735785546866,172.85196938317947,-0.12911992,0.029948236,-0.35719922,-0.25921658,50.998154,139.00632546254448
3218,172.82541057615776,168.8526673908446,-0.1255357,0.043343525,-0.3401106,-0.27120945,50.269432,139.00632546254448
3219,175.16943885623985,166.05091343187897,-0.12510847,0.028236695,-0.31916946,-0.3617559,59.457035,139.00632546254448
3220,177.481368286216,166.38341734246055,-0.108777694,0.011120187,-0.29841274,-0.39440185,61.748253,139.00632546254448
3221,178.59825158304272,170.06676930624013,0.0035209972,-0.03369536,-0.008255178,-0.46827012,58.504433,139.00632546254448
3222,177.96595578161097,175.01690751943252,-0.119705126,0.0017782814,-0.2559878,-0.41360477,61.37139,139.00632546254448
3223,176.65856056211476,178.1004536840787,-0.13175221,-0.010474297,-0.25493664,-0.40890428,60.38251,139.00632546254448
3224,176.4254018030454,177.62471190370374,-0.14980902,-0.018222993,-0.25951448,-0.4888667,73.31088,139.00632546254448
3225,177.39940712323812,174.44453681059449,-0.15319215,-0.028894,-0.24727333,-0.5066067,70.13619,139.00632546254448
3226,177.78406087952922,170.93759843291855,-0.16117553,-0.034085266,-0.24188668,-0.5186871,69.964676,139.00632546254448
3227,176.25985734743227,169.16180843637162,-0.15867408,-0.036324143,-0.2453866,-0.49961147,66.36009,139.00632546254448
3228,173.7750310019343,169.56125763632252,-0.060630176,-0.020954303,0.1567645,-0.5361158,72.752945,139.00632546254448
3229,172.33586257668145,171.25456787746316,-0.11127651,-0.018498298,-0.04857255,-0.50384134,68.684685,139.00632546254448
3230,172.79110884345585,172.97169655557366,-0.11494021,-0.03427012,-0.08613688,-0.5478198,71.499306,139.00632546254448
3231,174.46562183743,173.31243284657876,-0.13796039,-0.050767303,-0.13294783,-0.49636686,63.37041,139.00632546254448
3232,176.21897246209414,171.17961643389867,-0.17015827,-0.05449752,-0.17226015,-0.5097077,63.65299,139.00632546254448
3233,177.1736330596084,166.86510594314203,-0.18160689,-0.053666998,-0.19295496,-0.5230868,63.800976,139.00632546254448
3234,177.06538843618088,162.50575943657074,-0.18082312,-0.04989331,-0.22956692,-0.6055742,71.81571,139.00632546254448
3235,176.49130435398558,160.6721336122683,-0.21311891,-0.065719575,-0.28855625,-0.54408187,63.947308,139.00632546254448
3236,176.43655528041072,162.32490525890984,-0.20053658,-0.053778086,-0.31048355,-0.5620599,66.51621,139.00632546254448
3237,176.89230418502316,166.4266181525442,-0.19371282,-0.04405769,-0.31678042,-0.6334364,79.156105,139.00632546254448
3238,175.94552073548581,170.91646693364285,-0.2036106,-0.037298467,-0.41136217,-0.6297668,84.976685,139.00632546254448
3239,171.48777813352672,173.90436598072588,-0.1997941,-0.03125187,-0.3739647,-0.9543402,129.38646,139.00632546254448
3240,164.8619215701144,174.76025404903953,-0.18345718,-0.02609661,-0.33479992,-0.9649351,129.17604,139.00632546254448
3241,161.52236168320678,174.48501264226178,-0.17684942,-0.022703825,-0.30871448,-0.94707584,127.38665,139.00632546254448
3242,165.43504160672688,174.75648979902246,-0.18280074,-0.004439337,-0.38319683,-0.9515463,123.52796,139.00632546254448
3243,173.33658442928555,176.1140673731457,-0.18045825,0.009091629,-0.36212045,-0.85491794,122.48477,139.00632546254448
3244,177.92237288268768,177.41802233954232,-0.17966087,0.0077875555,-0.36239883,-0.8537189,122.31627,139.00632546254448
3245,176.14731675366528,177.3850094681937,-0.158199,0.011323042,-0.25054187,-0.92535675,131.2277,139.00632546254448
3246,171.0913981681982,175.8417392717133,-0.1546174,0.011796373,-0.27277258,-0.8239812,109.60437,139.00632546254448
3247,166.90061620699672,173.64347836244693,-0.16030659,0.014867092,-0.28309274,-0.8402763,109.8754,139.00632546254448
3248,165.15605873728367,172.10432264616895,-0.18306069,-0.009040695,-0.29220238,-1.1076627,146.7244,139.00632546254448
3249,164.9980524717656,171.83487573006857,-0.14982043,0.008178997,-0.18834767,-1.0745269,148.33281,139.00632546254448
3250,164.27636861804785,172.1887552107122,-0.13223608,0.02489682,-0.15439962,-0.9313196,133.06947,139.00632546254448
3251,161.5997570533576,172.5346607200523,-0.15566197,0.027963366,-0.23983924,-0.64270836,98.52326,139.00632546254448
3252,158.4674270276671,172.76253852759504,-0.19745335,0.034930278,-0.3582912,-0.49333766,79.74201,139.00632546254448
3253,158.23633689989185,172.36631356152188,-0.22080152,0.04963425,-0.45727345,-0.46147195,76.57612,139.00632546254448
3254,162.34229360534567,170.98180360883302,-0.23173203,0.0423321,-0.5510196,-0.42937803,72.04149,139.00632546254448
3255,168.45510118354892,169.68286835719564,-0.2237829,0.05037674,-0.54945254,-0.4124353,67.93082,139.00632546254448
3256,172.8122534958807,170.14052276158515,-0.22039098,0.070283614,-0.48250967,-0.40273112,68.5346,139.00632546254448
3257,173.6971300392299,172.34765777316915,-0.21306182,0.06983092,-0.5208859,-0.45664293,74.158134,139.00632546254448
3258,172.27771905721173,174.5831005564983,-0.21688843,0.06715581,-0.5379257,-0.5163451,81.26997,139.00632546254448
3259,170.59405878155894,175.88747968142735,-0.2270018,0.05131176,-0.5513779,-0.50563663,88.72835,139.00632546254448
3260,169.56817069389592,176.77983588041232,-0.22053632,0.052480597,-0.60347056,-0.45831922,82.86919,139.00632546254448
3261,169.03001721006595,177.30564284937623,-0.21281068,0.055348244,-0.65384114,-0.5383437,96.72758,139.00632546254448
3262,168.7633670790855,175.7675461779283,-0.16983202,0.050436452,-0.5798339,-0.5991205,98.742966,139.00632546254448
3263,169.10628435289883,170.205747660426,-0.19362368,0.053950645,-0.5356974,-0.5620166,90.509544,139.00632546254448
3264,170.5192802597826,161.41015624921258,-0.19920266,0.046954095,-0.5489902,-0.5807242,92.698105,139.00632546254448
3265,172.72766120450464,152.63224713486343,-0.21277818,0.042261407,-0.52133286,-0.6565327,99.58324,139.00632546254448
3266,174.9562216199934,146.29851557401793,-0.21228553,0.026538325,-0.48652506,-0.6393459,98.69836,139.00632546254448
3267,176.53846286578573,144.26666675514238,-0.21408708,-0.021202603,-0.4628186,-0.7166081,108.491455,139.00632546254448
3268,176.8137313987064,148.35079738320192,-0.22312558,-0.022764198,-0.4343986,-0.7318896,110.50018,139.00632546254448
3269,175.5209140817208,156.550162384056,-0.22473043,-0.025996279,-0.3572967,-0.7756575,113.8079,139.00632546254448
3270,173.3737839795041,163.26078170074774,-0.22103907,-0.04754949,-0.31936398,-0.74752825,109.92276,139.00632546254448
3271,171.60311536137036,165.85112796532434,-0.23086046,-0.06939755,-0.34630254,-0.72480315,105.214165,139.00632546254448
3272,171.2317378485791,167.05733825952174,-0.23152347,-0.077585764,-0.2948382,-0.7438389,107.13563,139.00632546254448
3273,172.5075978460083,169.60667612242247,-0.22263864,-0.07037208,-0.28731585,-0.7260123,105.190445,139.00632546254448
3274,174.57904622591207,171.99699515487686,-0.24055143,-0.067438364,-0.3071351,-0.67586124,98.33602,139.00632546254448
3275,176.01069569400173,171.44289233115705,-0.2571307,-0.06719994,-0.30576298,-0.7053661,100.27076,139.00632546254448
3276,175.64970087327734,168.32979708350658,-0.2841562,-0.06078539,-0.2887367,-0.65085727,96.0615,139.00632546254448
3277,173.4762718380323,165.48014557083548,-0.2646693,-0.07100524,-0.22632298,-0.69411165,101.47753,139.00632546254448
3278,171.1875458784174,164.37373226971053,-0.2770672,-0.089687735,-0.18225102,-0.7607064,108.67969,139.00632546254448
3279,170.96883749052049,163.82197098471931,-0.28283763,-0.07556862,-0.18850529,-0.7783191,112.48257,139.00632546254448
3280,173.25504002112277,162.23952969043572,-0.26314878,-0.06315007,-0.22470716,-0.7606369,105.38153,139.00632546254448
3281,176.25542414460006,160.2345236461583,-0.26476723,-0.06660674,-0.1410085,-0.8436234,116.87797,139.00632546254448
3282,177.1739520034917,159.87070795679725,-0.26899165,-0.063551605,-0.08226813,-0.92749363,124.663666,139.00632546254448
3283,174.05159377460174,161.6566766982591,-0.2753548,-0.06045059,-0.1617112,-0.9143548,115.415016,139.00632546254448
3284,163.53421325671607,163.9421532242813,-0.25299326,-0.056234088,-0.07861014,-0.9470891,125.811485,139.00632546254448
3285,140.0958369913477,165.12994377391797,-0.20641808,-0.0373393,-0.03772679,-0.88186985,118.88604,139.00632546254448
3286,111.80226595321803,165.1287034576892,-0.21572222,-0.047208544,-0.056868564,-0.88510394,117.27563,139.00632546254448
3287,103.5495016052493,164.97726655976078,-0.1620954,-0.03401567,0.10968396,-0.84833413,114.41276,139.00632546254448
3288,125.54252135273424,166.06249110274638,-0.11581267,-0.0013923285,0.15484792,-0.8948842,126.26483,139.00632546254448
3289,159.1364273703594,169.2526145544582,-0.15707275,0.03789079,-0.03368109,-0.9931375,133.68825,139.00632546254448
3290,181.4716334936173,173.67955928791304,-0.13672438,0.041068863,-0.13110545,-0.97474676,139.01169,139.00632546254448
3291,186.23277261566568,177.1040372345146,-0.1767559,0.033490088,-0.4292868,-1.0670977,157.10205,139.00632546254448
3292,181.13337475892698,178.19576876844098,-0.15431269,0.039516706,-0.35268238,-1.0695059,156.04492,139.00632546254448
3293,175.62868824942404,177.44768770350208,-0.1423231,0.04976839,-0.40732875,-1.0650651,154.38689,139.00632546254448
3294,173.55435469320628,175.79221865890725,-0.14059532,0.044319823,-0.426788,-1.0519214,152.19098,139.00632546254448
3295,174.11095890508747,173.4543463203059,-0.08159722,0.03708705,-0.3094157,-1.0426751,151.34407,139.00632546254448
3296,174.9854814624608,170.86862435859865,-0.040162817,0.032092933,-0.2061261,-1.0075423,145.1486,139.00632546254448
3297,173.6638462908871,169.5374586108293,0.050930858,0.01772793,-0.068096325,-0.9480898,134.08148,139.00632546254448
3298,169.41980356160437,170.24576334242738,-0.016442297,0.016728798,-0.11302186,-0.90896595,126.87605,139.00632546254448
3299,165.28838634582232,171.75206810647177,-0.09512796,0.022009416,-0.24614137,-0.82604563,118.65692,139.00632546254448
3300,164.94628900154936,172.65983507970284,-0.12465094,0.020288436,-0.29693347,-0.7592642,107.13296,139.00632546254448
3301,167.86502684930622,173.2301072777968,-0.1350563,0.017414864,-0.2262075,-0.7511792,103.67805,139.00632546254448
3302,170.65849754082384,174.61924174586895,-0.12912256,0.015512322,-0.18775447,-0.74609095,102.48651,139.00632546254448
3303,171.90355779226013,176.66405464285816,-0.12789883,0.011154654,-0.15514693,-0.7228645,98.355576,139.00632546254448
3304,172.81858957691813,176.9354239449093,-0.09215318,0.004290927,-0.07806919,-0.70765626,96.14326,139.00632546254448
3305,174.5119954060422,173.50429540356328,-0.10586746,-0.00725934,-0.027699038,-0.63771147,85.998,139.00632546254448
3306,176.67756084409544,168.03453581124728,-0.0893211,-0.009199423,0.021230925,-0.61771154,83.794785,139.00632546254448
3307,178.28047569010707,163.53606489761412,-0.070923135,-0.007863736,0.07132357,-0.5418925,75.27439,139.00632546254448
3309,176.87581382744725,159.1026034893592,0.028423963,0.016174128,-0.12334029,0.44069952,62.996796,139.00632546254448
3312,168.7936790489875,149.2309431343339,-0.044907533,-0.047795158,0.049455546,-0.20681392,21.047668,139.00632546254448
3313,156.75189596779626,132.6096409488875,-0.0543816,-0.052051395,0.018381722,-0.20585254,21.548506,139.00632546254448
3314,152.13202713378337,119.36190353809876,-0.061999235,-0.053190153,0.06344074,-0.2676149,30.804209,139.00632546254448
3315,159.96143504271114,120.41037969577359,-0.06466578,-0.03224946,0.059852563,-0.22256862,31.68514,139.00632546254448
3316,170.68527332508518,133.05505884003696,-0.060790442,-0.040933844,0.05971952,-0.23763987,31.36473,139.00632546254448
3317,173.69762853459048,144.73884346184076,-0.06284447,-0.024903623,0.107561,-0.2540591,36.871716,139.00632546254448
3318,169.6642526085794,146.6014549365649,-0.07365686,-0.03646926,0.18233137,-0.3141905,43.505634,139.00632546254448
3319,166.25253642500505,139.75345300874986,-0.073625684,-0.03590087,0.23963945,-0.3319902,49.549454,139.00632546254448
3320,168.18810953070107,131.20963333095568,-0.061749835,-0.03652656,0.21515976,-0.31954402,47.181675,139.00632546254448
3321,173.85426924357563,126.4311303719121,-0.06485239,-0.038620543,0.21520016,-0.31189322,46.710686,139.00632546254448
3322,178.52516878932693,126.47983941974418,-0.043731235,-0.023163104,0.21455032,-0.21024182,44.53259,139.00632546254448
3323,179.0755220564373,130.21967713103166,-0.065789826,-0.024811856,0.15766682,-0.18036692,41.592747,139.00632546254448
3324,175.67676695827922,136.52878648257456,-0.05543101,-0.022451133,0.12982596,-0.16619621,37.92611,139.00632546254448
3325,170.09379018262078,144.44353371283174,-0.052477743,-0.025683653,0.13218647,-0.14794073,35.848476,139.00632546254448
3326,164.3851014340234,152.52168641522798,-0.057704575,-0.026706714,0.12757786,-0.16374701,37.52634,139.00632546254448
3327,160.59212843569009,158.73448077389236,-0.05832368,-0.027059516,0.12721255,-0.19814381,40.13904,139.00632546254448
3328,159.32026575088494,161.70037127101708,0.03556036,0.039446894,0.3698057,-0.1855707,52.434315,139.00632546254448
3329,159.32379333953767,162.47469525445746,0.025073769,0.035773534,0.34715697,-0.19283728,53.49601,139.00632546254448
3330,159.76982716523838,163.98583459578938,-0.011119748,0.026721643,0.27997702,-0.19154002,51.71175,139.00632546254448
3331,160.54750637284525,167.54214687658688,0.0028311997,0.02326519,0.32439718,-0.17467509,53.219975,139.00632546254448
3332,160.07062704149317,170.97039963311516,-0.0040869736,0.01250066,0.33369255,-0.21939887,57.16895,139.00632546254448
3333,157.22614758894136,171.59194368026047,-0.021401288,-0.0055756806,0.35438997,-0.30435178,65.86426,139.00632546254448
3334,154.4976532278436,170.11115854295454,0.017897414,0.015000572,0.4514073,-0.2931532,76.2062,139.00632546254448
3335,153.97221768881658,169.08727711661214,-0.021305569,-0.02000391,0.41308776,-0.38596523,79.22215,139.00632546254448
3336,152.79940073488166,168.01259653245947,-0.0019297646,-0.031885244,0.43410486,-0.3915207,82.0045,139.00632546254448
3337,146.98208986511713,164.20700245240027,-0.026209673,-0.04838155,0.45331335,-0.43020976,87.960304,139.00632546254448
3338,137.04677878228804,157.65797395762016,-0.031213889,-0.045533884,0.47673926,-0.4309788,91.82669,139.00632546254448
3339,127.94142288187305,150.15260679256724,-0.041800592,-0.06513428,0.5295204,-0.42284483,95.89616,139.00632546254448
3340,124.58065893522435,141.3855279468033,-0.029782481,-0.05715748,0.6247656,-0.40370238,102.92879,139.00632546254448
3341,126.84426245747254,129.58116788364083,-0.022905143,-0.055154826,0.75417924,-0.38764405,114.479095,139.00632546254448
3342,128.64426045128408,115.77828147069879,-0.023579573,-0.047141362,0.8081012,-0.3789992,119.38127,139.00632546254448
3343,124.3910220781597,104.9249454716861,-0.040913206,-0.052964687,0.8220047,-0.37516558,125.8904,139.00632546254448
3344,116.3223319758757,101.28063508343322,-0.043347914,-0.04073955,0.9188916,-0.35014185,129.08604,139.00632546254448
3345,111.6215822629923,104.39246933259409,-0.075279705,-0.047312606,0.89041233,-0.34874645,133.28693,139.00632546254448
3346,113.34074647137686,109.45797408514878,-0.06163216,-0.044387,1.0344628,-0.3234718,146.42334,139.00632546254448
3347,118.35863624530825,112.01742779618414,-0.036132045,-0.04444167,1.2005885,-0.31060255,168.06488,139.00632546254448
3348,122.69943963115888,113.05464560851664,-0.06394437,-0.03725851,1.1940664,-0.30842865,170.75363,139.00632546254448
3349,126.05284590206328,116.0348860835515,-0.0925062,-0.026519665,1.1350827,-0.3236896,165.73773,139.00632546254448
3350,131.51024025696813,120.18250119208918,-0.07210251,0.007458244,1.1508344,-0.2701396,160.68011,139.00632546254448
3351,141.51863270415103,122.39438477140368,-0.034299318,0.014450623,1.2073741,-0.24636574,161.45926,139.00632546254448
3352,153.87294909050067,123.87504827277738,0.027118133,0.0049420856,1.2417151,-0.31674233,165.0405,139.00632546254448
3353,161.2949869885933,128.6350308490666,0.046112373,0.013556213,1.1799175,-0.3070158,154.7242,139.00632546254448
3354,156.79440357929118,136.3187905458762,0.047208324,0.034326103,1.0978153,-0.31360543,149.969,139.00632546254448
3355,141.75109812498832,141.90844384148326,0.041874796,0.019318065,1.0712706,-0.28022873,130.95596,139.00632546254448
3356,126.31532940088789,142.32213032936681,0.032724768,0.017618159,0.96167487,-0.27930677,119.55474,139.00632546254448
3357,119.14289614693753,139.4624772591871,-0.006054939,0.024587266,0.82089686,-0.27100712,113.58825,139.00632546254448
3358,120.12045772578763,137.03152535410206,-0.036658943,0.023861244,0.6404948,-0.27864638,99.92321,139.00632546254448
3359,125.26634477129674,137.4921992039894,0.00056378107,0.014247767,0.601161,-0.27180746,86.61186,139.00632546254448
3360,132.993990921359,141.66087339253693,0.019612469,0.00916737,0.5759156,-0.25904885,81.15387,139.00632546254448
3363,142.1527031604782,147.7710220677815,-0.02197429,0.035246197,0.135282,-0.23312698,45.46459,139.00632546254448
3364,149.2647448000982,151.22377377777585,0.005972391,0.040239215,0.19223574,-0.19735828,42.975594,139.00632546254448
3365,151.73678629204693,149.32324564855318,0.007834537,0.04508097,0.19207372,-0.19328493,43.734837,139.00632546254448
3366,151.09140135365374,145.71617988219202,0.020739153,0.049354557,0.21257357,-0.19166295,45.6203,139.00632546254448
3367,150.7549229088877,146.08447385096642,0.014518241,0.044637717,0.20810767,-0.24209018,48.9453,139.00632546254448
3368,152.53434167248673,151.55529972638894,0.02760288,0.025572784,0.21673958,-0.33364645,54.218826,139.00632546254448
3370,156.32369970243295,158.92276710543032,0.004280609,-0.01960171,0.008542776,-0.19619231,23.706755,139.00632546254448
3371,161.1964829265712,164.11346117489236,0.0039363685,-0.004960088,-0.011303284,-0.29269636,39.91634,139.00632546254448
3372,165.4040603228504,165.40617392838948,0.05383802,-0.00092953624,0.03141367,-0.5235792,73.79426,139.00632546254448
3373,166.79326662951524,165.37806411204608,0.08875644,-0.015361717,0.098043025,-0.46229565,63.50576,139.00632546254448
3374,164.85847351335156,167.78250109036634,0.099519216,-0.01491561,0.09493696,-0.40030345,54.89615,139.00632546254448
3375,161.6768919505348,172.47182121361527,0.11013973,-0.04599931,0.10676275,-0.20542839,22.999434,139.00632546254448
3376,159.86250068103666,176.01585967693092,0.052013196,-0.026852269,0.016407171,-0.16991282,20.61304,139.00632546254448
3377,160.5445043895939,176.47059851134446,0.016793564,-0.0239686,-0.06167651,-0.17530957,24.95198,139.00632546254448
3378,163.5423170543895,175.20020084735813,-0.071463645,0.02780881,-0.2702764,-0.08583786,30.869358,139.00632546254448
3379,167.4099909642298,174.58341648104437,-0.09679208,0.06573187,-0.308999,-0.03467605,33.016247,139.00632546254448
3380,169.74797122847673,175.1388609654794,-0.0036931173,-0.007035628,-0.27839017,-0.22482088,47.177944,139.00632546254448
3381,169.52590902889125,175.19519167555006,-0.054246366,0.04024756,-0.38166267,-0.18987347,51.87497,139.00632546254448
3382,167.7022557114001,173.2189052874266,0.024328208,-0.008925876,-0.32886043,-0.28582406,64.11453,139.00632546254448
3383,166.1165279430673,168.40746179533187,0.033568244,-0.034702614,-0.31230927,-0.41064864,72.09752,139.00632546254448
3384,167.26821411304255,160.17423578370045,0.052287623,-0.06827701,-0.27675065,-0.43071273,69.91196,139.00632546254448
3385,172.09336536046655,151.08533871565112,0.09178215,-0.08121345,-0.22330298,-0.44022104,66.98131,139.00632546254448
3386,177.5789639380014,147.12984452187442,0.0851889,-0.08148064,-0.20113812,-0.39768127,60.409653,139.00632546254448
3387,179.45273483571268,151.1120498295529,0.061826237,-0.03587145,-0.2779441,-0.33220625,65.55255,139.00632546254448
3388,177.18658270615467,159.35142404209478,0.047575396,-0.036246426,-0.3013511,-0.32394186,65.529045,139.00632546254448
3389,174.52437118867564,166.56006514970795,0.07134114,-0.05827143,-0.25920668,-0.33773735,67.50374,139.00632546254448
3390,174.27221474542216,170.55539553894184,0.06099066,-0.05369071,-0.1831147,-0.28519374,49.73007,139.00632546254448
3391,174.56759792211986,172.08033275334964,0.053749327,-0.050650943,-0.2346067,-0.31451827,57.88311,139.00632546254448
3392,172.58525939564237,172.75350783414615,0.039666213,-0.055989303,-0.3018477,-0.4653262,75.740715,139.00632546254448
3393,169.38932791747388,173.39197834522304,-0.0066380394,0.010956628,-0.41622236,-0.41816223,84.07375,139.00632546254448
3394,167.91429324674158,173.7790466323675,0.006636283,-0.009077139,-0.41517824,-0.36546648,83.16458,139.00632546254448
3395,169.1367158189227,174.12010647295588,-0.040072802,0.014100675,-0.46542588,-0.39970124,84.45656,139.00632546254448
3397,172.1644726474944,174.61892568709584,0.0938577,-0.051740088,-0.2703541,-0.93084824,121.722336,139.00632546254448
3398,175.3242824870384,172.67274516652327,0.09691897,-0.056068115,-0.29217032,-0.9569302,126.4875,139.00632546254448
3399,176.9921190987677,164.93683874007888,0.11165895,-0.053911787,-0.2814699,-0.98541665,133.50233,139.00632546254448
3400,176.25822143012707,153.4642412991759,0.106667906,-0.055557024,-0.27670676,-1.102006,149.6102,139.00632546254448
3401,173.28461596801884,145.4433230344451,0.026649633,-0.011946978,-0.42893377,-0.9079304,141.02515,139.00632546254448
3402,170.145816925228,146.6281204734895,-0.0537423,0.0056689857,-0.5374656,-0.68875957,122.4728,139.00632546254448
3403,169.63624817803054,156.5812676647036,0.03541151,-0.031501267,-0.39292863,-0.79868174,124.19427,139.00632546254448
3404,172.06510674942248,169.02474978284351,0.0665209,-0.066063374,-0.31876287,-0.8914299,123.616104,139.00632546254448
3405,175.1622208913716,176.52856419309532,0.04222782,-0.033119284,-0.4107176,-0.86165595,126.03451,139.00632546254448
3406,176.9433682742254,176.12911732246005,-0.10585253,0.02036286,-0.69841677,-0.72071356,127.11475,139.00632546254448
3407,176.64527199617535,171.5495751610956,-0.16942017,0.021612266,-0.73493916,-0.6076157,117.66375,139.00632546254448
3408,173.5877006647775,167.78645838408366,0.03712349,-0.03451271,-0.45508286,-0.7849341,125.779396,139.00632546254448
3409,166.826425778094,162.89153861056843,-0.1002639,0.026403308,-0.6819727,-0.66045946,126.92735,139.00632546254448
3410,155.02769405050836,153.47509403214337,-0.11121416,0.049657304,-0.69691247,-0.5989647,121.33465,139.00632546254448
3411,137.6313965049639,146.66020981168813,-0.15152407,0.07154092,-0.7603093,-0.50935185,116.27641,139.00632546254448
3412,118.18369172475359,152.29361438592431,-0.16134106,0.08816873,-0.7906753,-0.4596335,116.36999,139.00632546254448
3413,103.47058160179768,167.278466126167,-0.17116068,0.06514921,-0.83820283,-0.52265006,121.94327,139.00632546254448
3414,98.33892198685305,179.7019948449797,-0.17303513,0.07304434,-0.9104274,-0.46239468,123.31327,139.00632546254448
3415,103.08401767788402,183.07365804308927,-0.17444107,0.06278234,-0.9194453,-0.45275354,120.75298,139.00632546254448
3416,114.40561634567263,179.6087376004106,-0.12063642,0.034744766,-0.8325804,-0.4774174,115.30643,139.00632546254448
3417,128.3675493290435,173.88113206604461,-0.08829804,0.011814814,-0.7987518,-0.4710797,116.40795,139.00632546254448
3418,142.37435905635493,167.80133770463493,-0.057904355,-0.019275254,-0.80374724,-0.47714958,115.23583,139.00632546254448
3419,154.36589475890008,160.55534807770135,-0.040813096,-0.021168135,-0.77718717,-0.4718424,116.4158,139.00632546254448
3420,162.2438973103804,152.25347166176812,-0.089865126,0.042855926,-0.8148547,-0.30238008,103.35518,139.00632546254448
3421,165.2316102284169,147.03907906491366,-0.089812875,0.04387613,-0.77486926,-0.26949328,96.570915,139.00632546254448
3423,165.71913190936786,149.44078006064402,-0.020479655,0.0676792,-0.23185322,-0.061745446,38.43307,139.00632546254448
3424,167.918509658494,158.39686676198153,-0.04692819,0.07414336,-0.29789156,-0.06303217,46.722588,139.00632546254448
3425,173.10016238443077,167.97974310188124,-0.07037999,0.07006341,-0.6435807,-0.26257512,88.28882,139.00632546254448
3426,178.4187009725959,172.55019645567953,-0.0646087,0.06626535,-0.61212796,-0.22594866,83.987816,139.00632546254448
3427,180.93154820910354,170.28715531778343,-0.054640662,0.07209878,-0.62633884,-0.2256738,90.976204,139.00632546254448
3428,180.36423863925677,163.32285274028308,-0.046293277,0.11568818,-0.677484,-0.17178792,95.73555,139.00632546254448
3429,178.43510898699617,155.07386231371717,-0.048010964,0.1006931,-0.6812478,-0.18934724,94.8658,139.00632546254448
3430,177.00812249028004,147.60580431736744,-0.043554284,0.10002131,-0.6265913,-0.19106537,91.980865,139.00632546254448
3431,176.64915540215097,141.6173552355591,-0.050797816,0.096731044,-0.6212942,-0.25052935,96.18677,139.00632546254448
3432,176.19705668018582,137.4890032854676,-0.032674275,0.09861536,-0.52386457,-0.23424138,92.13292,139.00632546254448
3433,173.18223142198997,135.29250325224092,-0.04366186,0.06180472,-0.56372666,-0.29496485,90.45061,139.00632546254448
3434,166.2862528607862,134.81786378274637,-0.025562467,0.0145953,-0.5396522,-0.39682198,91.27551,139.00632546254448
3435,158.57859567930774,136.05257651535916,-0.0054858886,-0.026948648,-0.3601753,-0.3384917,71.46771,139.00632546254448
3436,154.69582213973905,138.7071714905305,-0.020421697,-0.016610686,-0.42212537,-0.34293103,72.4289,139.00632546254448
3438,154.56321079579587,142.05178268690358,-0.033750903,0.0027332844,-0.19484872,-0.46304077,66.28903,139.00632546254448
3439,154.67556651821107,146.5056847907459,-0.06949744,-0.0068654837,-0.22897679,-0.4288677,58.30571,139.00632546254448
3442,153.44360269329445,151.84457155318063,0.027147992,-0.003665016,-0.51406825,-0.41960812,97.58267,139.00632546254448
3443,152.2015401079615,153.12513820168024,0.022762002,0.0030854282,-0.5783217,-0.39362612,100.31642,139.00632546254448
3444,152.38965749785154,146.2550327080612,-0.017835066,0.024614269,-0.6510302,-0.31082624,101.70743,139.00632546254448
3445,151.51144075346937,137.11810796555355,-0.020543322,0.0209745,-0.6525103,-0.3192217,99.99005,139.00632546254448
3446,145.42051203880808,135.35626148269597,-0.037141055,0.07846041,-0.69361407,-0.21275535,101.62659,139.00632546254448
3447,135.23834075925552,141.02495236637193,-0.03360996,0.05319257,-0.75970596,-0.26595056,111.5871,139.00632546254448
3448,124.79420465577105,144.4273101119326,-0.034631703,0.04456022,-0.80957294,-0.2935095,120.42341,139.00632546254448
3449,113.97583905858959,138.08969819988036,-0.023357397,0.010661127,-0.7305909,-0.3332023,111.3548,139.00632546254448
3450,104.00041988777835,127.30569803420269,0.033406664,-0.06924342,-0.7190694,-0.5545812,132.10149,139.00632546254448
3451,103.52425689583593,124.50367809199342,0.04608603,0.000998033,-1.0248315,-0.41163638,159.02846,139.00632546254448
3452,118.04639767305028,132.550797876244,-0.014409788,0.005146039,-1.0560449,-0.3562899,157.04826,139.00632546254448
3453,139.475731688613,142.57153745197775,0.01906713,0.01751717,-0.92331094,-0.2946742,147.16139,139.00632546254448
3454,154.4492499501173,146.85472739081655,0.04184933,-0.010382749,-0.8991118,-0.28991872,146.48018,139.00632546254448
3455,157.18032322999161,145.782615038178,0.044086013,-0.001928667,-0.8858568,-0.2594629,141.79655,139.00632546254448
3456,151.98658689831754,143.52206388067572,0.076918356,0.0019356923,-0.7841813,-0.23419286,129.45264,139.00632546254448
3457,147.24025507347028,142.18792637243354,0.043340012,-0.00067157566,-0.56194353,-0.25385758,90.77783,139.00632546254448
3458,147.50863471087428,140.3491411667646,-0.00686241,0.13760978,-0.77632874,-0.13406223,111.102104,139.00632546254448
3459,147.96180988567292,134.69916591144926,0.051105175,0.026418017,-0.59716666,-0.304352,97.98929,139.00632546254448
3460,136.62455082977974,126.26506536865129,0.045654412,0.009479557,-0.59736073,-0.30835554,95.236664,139.00632546254448
3461,114.27315652912955,122.45380776042188,-0.006754835,0.078196965,-0.8304706,-0.17396444,115.131714,139.00632546254448
3462,104.85778998168229,127.03958672387513,-0.065196626,0.063408904,-0.7692758,-0.23462734,109.49353,139.00632546254448
3463,125.30934621941053,136.50621401403623,-0.0817342,0.021561554,-0.77173114,-0.3233245,104.07647,139.00632546254448
3464,159.89593373262025,146.58037610578143,-0.07329549,-0.016015291,-0.811187,-0.44580594,118.53668,139.00632546254448
3465,179.97740157114,152.96864511022102,-0.02795634,0.012292096,-0.85687435,-0.3786117,129.01262,139.00632546254448
3466,174.28649326166789,151.37564865110164,0.054821562,-0.043989632,-0.7085437,-0.4670878,128.03319,139.00632546254448
3467,154.0603075961139,142.55656313820455,0.03984887,-0.048828755,-0.828994,-0.4821055,138.58937,139.00632546254448
3468,138.20513821374615,132.97527796796643,0.03707563,-0.026079485,-0.85406905,-0.38149735,139.2341,139.00632546254448
3469,136.5071389404698,128.30127070604308,0.013500889,-0.0057557044,-0.90201724,-0.32739916,139.66402,139.00632546254448
3470,143.49560775045404,128.1748492320453,0.0021330595,0.023605479,-0.85238385,-0.2796363,133.59526,139.00632546254448
3471,146.75715089069013,128.29855178694459,0.0036755542,0.014160389,-0.8570329,-0.3121797,133.6138,139.00632546254448
3472,140.3158099991283,125.98568817931307,-0.0019341555,0.011507018,-0.79476225,-0.15352848,120.02652,139.00632546254448
3473,129.91415204426366,122.16506242733405,0.07645293,-0.027529333,-0.77559155,-0.27115828,129.87044,139.00632546254448
3474,127.11016636489383,118.07835262178489,0.07163796,-0.042395107,-0.806747,-0.3179666,131.29373,139.00632546254448
3475,137.4044667969194,112.52766476927101,0.10397194,-0.05013634,-0.7410753,-0.36034238,131.96155,139.00632546254448
3476,153.66318261058407,104.66497692102995,0.12690255,-0.0470092,-0.6857479,-0.3746964,126.097534,139.00632546254448
3477,164.05354451621224,97.02717717529019,0.13394894,-0.05053327,-0.70606995,-0.39320612,128.34918,139.00632546254448
3478,165.15604984851922,93.34663137587833,0.106003135,-0.05386678,-0.7800148,-0.38864493,132.43657,139.00632546254448
3479,162.64634726377744,94.60709076613543,0.10995839,-0.041596416,-0.7511663,-0.35926512,130.18913,139.00632546254448
3480,161.2521511773882,98.55376000732858,0.11137398,0.01436061,-0.8691836,-0.23254038,137.1533,139.00632546254448
3481,159.9790311750322,102.65273121755018,0.029466782,0.020978453,-0.8666641,-0.20519261,127.777176,139.00632546254448
3482,156.80220166501164,106.87685633969907,0.021283176,0.015184768,-0.8083668,-0.20721875,128.1568,139.00632546254448
3483,152.886050535217,113.85538478992478,0.013800343,0.017357783,-0.7774471,-0.19859935,123.46949,139.00632546254448
3484,150.4711579180022,125.15835799958944,-0.009550909,0.013993978,-0.81426847,-0.19026822,122.94456,139.00632546254448
3485,149.56840752190593,137.3208305566332,-0.034500416,0.03407846,-0.78871,-0.11524361,111.40811,139.00632546254448
3486,147.67353400236257,144.78213599372373,-0.0860697,0.029201137,-0.87344617,-0.1321643,106.83314,139.00632546254448
3487,141.68131632404348,146.1448222845372,-0.042043842,-0.0016142844,-0.83755785,-0.1887828,117.400345,139.00632546254448
3488,132.16699915274086,144.6437932580216,-0.051807266,0.008921923,-0.77719814,-0.16861819,110.26925,139.00632546254448
3489,125.59448587949184,144.56174283998453,-0.06600366,0.023718104,-0.74087423,-0.1339283,102.05911,139.00632546254448
3490,127.91105884027264,148.54624989814317,-0.08916962,0.026871808,-0.7480189,-0.14240918,100.48308,139.00632546254448
3491,136.57204011492576,155.8366082615168,-0.06761377,0.022545535,-0.775981,-0.13318384,105.116165,139.00632546254448
3492,143.57842694186022,162.45404972576753,-0.0782255,-0.002427903,-0.7674338,-0.26623333,105.208305,139.00632546254448
3493,144.96363645404253,163.99005474135504,-0.05045533,-0.046796903,-0.7826366,-0.42661828,112.724724,139.00632546254448
3494,142.68806872099987,159.2914900986225,-0.11438257,0.01260143,-0.723411,-0.26172373,98.84805,139.00632546254448
3495,139.87442289054715,152.68467345627266,-0.081725426,0.0089504635,-0.77294296,-0.2751379,106.26706,139.00632546254448
3496,138.5070776994453,150.4617518378065,-0.058121264,0.020336295,-0.7450837,-0.22405116,103.17952,139.00632546254448
3497,139.59747830526905,153.17408818406096,-0.026770819,0.020858364,-0.73437494,-0.21899559,106.7938,139.00632546254448
3498,142.17450527813077,153.99621540880918,-0.030399391,0.012064871,-0.7416839,-0.21396194,110.14895,139.00632546254448
3499,142.5376417939366,146.84643403962565,-0.0066705314,0.01262997,-0.768301,-0.21144424,111.86242,139.00632546254448
3500,138.07586437636414,133.93531086433072,-0.005702795,0.019760879,-0.78971547,-0.15914455,108.02521,139.00632546254448
3515,133.12276999047063,124.08256023139023,-0.029004594,0.005602245,0.10386788,-1.0193995,140.47905,139.00632546254448
3516,136.85056636732926,125.96313424482443,0.115259364,-0.006016519,0.41953945,-1.0173746,142.96043,139.00632546254448
3517,152.20609162879597,141.02556548055216,-0.08667695,-0.008581196,0.057766266,-0.99829656,141.86644,139.00632546254448
3518,170.08619900525608,160.04960093523187,0.04582829,-0.008034978,0.28341767,-0.9983864,142.49738,139.00632546254448
3519,178.51724499281656,171.01994515967715,0.039787732,-0.008505454,0.24655654,-0.9893787,141.07008,139.00632546254448
3520,175.7977668281209,171.03935379610832,0.101925716,0.0030858673,0.39015692,-0.97277045,140.49426,139.00632546254448
3521,170.3987422204247,166.251958137988,0.10458929,0.017811134,0.4731547,-0.88871723,140.72179,139.00632546254448
3522,169.39289273071444,163.56041930678447,0.13419044,0.03614324,0.5448215,-0.8977723,139.50891,139.00632546254448
3523,172.15726126380227,165.89208014223328,0.19560635,0.014650186,0.5987084,-0.92699254,135.26942,139.00632546254448
3524,174.52288844807856,171.65353438268383,0.2291555,-0.0019427176,0.63420224,-0.9927073,139.47435,139.00632546254448
3525,173.93091673256512,176.95162290441823,0.22259693,0.005385558,0.59958327,-0.9636708,137.44182,139.00632546254448
3526,170.81020606660215,179.3311477806156,0.21079375,0.019986566,0.59560674,-0.9279064,134.87286,139.00632546254448
3527,167.94043888380781,179.0413828512524,0.19029248,0.048768163,0.5515667,-0.88474256,132.94272,139.00632546254448
3528,167.8671918557062,177.48459317829494,0.16058661,0.036022056,0.49982277,-0.95748883,145.77132,139.00632546254448
3529,170.26696995144124,175.8736848495987,0.1842821,0.023545545,0.5405561,-0.951328,142.42818,139.00632546254448
3530,172.77558632116882,174.85991265462155,0.21129233,0.034804482,0.62817574,-0.9564174,145.5181,139.00632546254448
3532,173.65920309500245,174.4758253815611,0.19270687,0.009586913,0.5579527,-0.97072995,140.89363,139.00632546254448
3533,173.16701801049075,174.20789486514988,0.20071484,0.019953854,0.6104245,-0.9801286,146.16864,139.00632546254448
3534,172.9962969636872,172.87349674631182,0.1834687,0.030564047,0.6434102,-0.9813538,147.59235,139.00632546254448
3535,174.27672418804988,169.75517557520945,0.17161766,0.04187853,0.64797205,-0.92426,145.36066,139.00632546254448
3536,176.16681696092658,166.84589849581172,-0.023792967,0.01975473,0.27190977,-0.85697645,133.45926,139.00632546254448
3537,176.86922846382626,167.3823893176272,-0.10539523,-0.015770942,0.16877472,-0.90490466,135.23276,139.00632546254448
3538,175.74503832396,171.23493876910885,-0.08599758,-0.01262997,0.20264505,-0.85756063,128.88332,139.00632546254448
3539,173.93631947092584,174.69837978245252,0.048044883,0.015788725,0.4344887,-0.8774658,139.65163,139.00632546254448
3540,172.78066579432814,175.17790643373056,0.04326427,0.020556055,0.40596431,-0.85975295,135.6358,139.00632546254448
3541,172.6951817985244,173.51321521020014,0.039824065,0.015841633,0.36853763,-0.8788482,134.4022,139.00632546254448
3542,173.78593503301195,171.90393762452285,0.04506802,0.015468634,0.34783888,-0.8871146,133.09012,139.00632546254448
3543,175.32137783502705,171.62841585087384,0.1217282,0.024952143,0.4807933,-0.87894154,135.94557,139.00632546254448
3544,175.00327011242473,172.77891368180184,0.04610052,0.014468625,0.37201428,-0.93090796,139.67384,139.00632546254448
3545,171.7575805220231,174.77374402450107,0.03899332,0.012168934,0.36068246,-0.88087434,133.60806,139.00632546254448
3546,168.14172527232046,176.52250936801332,0.08924843,0.00516953,0.42465317,-0.86827314,128.8516,139.00632546254448
3547,167.10352484692842,177.0378320759678,0.07885361,0.00303186,0.35158446,-0.84724134,123.08895,139.00632546254448
3548,168.35424574308928,176.64722987950475,0.060664207,0.005000923,0.24912143,-0.83859646,116.346375,139.00632546254448
3549,170.3626149449099,176.53315111863253,-0.12624788,0.0067633973,-0.14444037,-0.8098939,112.73949,139.00632546254448
3550,172.887699879271,176.28189007378353,-0.13433358,0.007199405,-0.25539523,-0.8138318,113.19077,139.00632546254448
3551,175.5952322339483,173.50441327651833,-0.121126436,0.0072362884,-0.19988938,-0.80861837,112.737656,139.00632546254448
3552,177.38826553803295,167.82911767434427,0.08081411,0.00021493057,0.23755777,-0.8217013,113.85765,139.00632546254448
3553,177.9741384875883,163.3740023044581,0.041424956,-0.015012427,0.123884745,-0.8268412,111.80934,139.00632546254448
3554,177.88840897060766,163.537432933317,-0.098516576,0.009133561,-0.1852978,-0.782567,109.24325,139.00632546254448
3555,177.241921951567,165.74403358234332,-0.11539158,0.0126352385,-0.26715517,-0.77993846,107.410736,139.00632546254448
3556,175.34597009053923,165.78073319456885,-0.10716627,0.011127432,-0.2832236,-0.7293538,100.36328,139.00632546254448
3557,172.06293272086464,164.01801261595267,-0.032467905,-0.0041499822,-0.12639806,-0.7283056,99.8578,139.00632546254448
3558,169.05032276207902,163.20791976921794,0.04077797,-0.010262221,0.006391275,-0.69619244,96.37538,139.00632546254448
3559,167.6987029972151,163.80913312832547,-0.08276429,0.024273543,-0.21971172,-0.6770223,97.147865,139.00632546254448
3560,167.69276620731304,165.35897406736802,-0.07838884,0.038331185,-0.24611327,-0.6323524,91.805725,139.00632546254448
3561,168.64339391137966,168.5350317837697,-0.08869497,0.030866357,-0.25727275,-0.6010721,88.534096,139.00632546254448
3562,170.22056674823673,172.67716504572937,-0.05732784,0.045074165,-0.37129813,-0.61631495,92.24622,139.00632546254448
3563,171.81956485329133,175.03087307152666,-0.09593126,0.03404509,-0.37123075,-0.61949944,90.888016,139.00632546254448
3564,173.22417880820683,173.67860462002028,-0.09763182,0.041631326,-0.3357907,-0.6289335,92.03536,139.00632546254448
3565,173.84140422303506,169.38401012452027,-0.124540076,0.041259203,-0.3724898,-0.6565384,96.268105,139.00632546254448
3566,172.76168925354705,165.31498486398175,-0.11508225,0.039681144,-0.35205933,-0.66524917,97.15044,139.00632546254448
3567,170.9833690620776,164.7006196273031,-0.11827416,0.04392816,-0.33339265,-0.5427266,80.4959,139.00632546254448
3568,171.0856241774834,167.30393398055247,0.07190975,-0.023308659,-0.026615165,-0.6605414,93.56768,139.00632546254448
3569,173.47873363876099,168.67569963573615,0.15660118,-0.037972894,0.12753966,-0.72195184,101.91232,139.00632546254448
3570,175.0042674113932,165.08273554477336,0.17691463,-0.035389557,0.24203487,-0.7726252,105.76727,139.00632546254448
3571,172.67532312065975,159.6896498180824,0.14244078,-0.018515643,0.3677271,-0.9348631,123.6733,139.00632546254448
3572,168.23713031196894,159.76532328327954,0.19777782,0.0150468955,0.4395578,-0.96121186,132.667,139.00632546254448
3573,166.7100233764183,167.06106017735232,0.16825089,0.013755556,0.49403074,-0.8990772,130.90929,139.00632546254448
3574,170.0012895583052,175.80495891714037,0.19357164,0.024106251,0.5104533,-0.92260987,139.92653,139.00632546254448
3575,174.88735704224916,179.77954907498173,0.2189879,0.022482967,0.5583661,-0.93336684,140.99033,139.00632546254448
3576,177.30847080440813,178.10598465290778,0.17640223,0.01666579,0.560987,-0.9502507,142.4092,139.00632546254448
3577,176.47533297884962,174.68417302295978,0.13049667,0.021546185,0.41878903,-0.8746522,130.02281,139.00632546254448
3578,174.78000957924903,173.48686094398548,0.13960321,0.013653031,0.41221026,-0.92579144,136.5655,139.00632546254448
3579,174.42857685453615,175.06662221436898,0.15522246,0.004158544,0.45292786,-0.9727247,142.15292,139.00632546254448
3580,175.12073353258026,177.19847410523516,0.17080459,0.015684223,0.47704726,-0.95060945,138.54492,139.00632546254448
3581,175.3277766237273,177.94026862698936,0.1405839,0.023772549,0.4833189,-0.9409111,137.72179,139.00632546254448
3582,174.6438231916899,177.56654459273636,0.1782804,0.022358706,0.47309026,-0.926397,136.22609,139.00632546254448
3583,174.06205940658364,177.33722979708622,0.14933503,0.02043487,0.43942124,-0.91489476,134.40938,139.00632546254448
3584,174.58325688096411,177.26184883564224,0.13467035,0.019230906,0.4237728,-0.9115601,133.84317,139.00632546254448
3585,176.23830504509468,176.27372730382345,0.17244633,0.022918316,0.4223581,-0.9221289,134.40614,139.00632546254448
3586,177.9577397492435,174.07152240055225,0.15274604,0.020942887,0.46595234,-0.8782639,130.02606,139.00632546254448
3587,178.39991617522574,171.86433078815818,-0.07615282,-0.019803908,-0.074977174,-0.85302603,121.97136,139.00632546254448
3588,177.46905724485956,171.04586371091784,0.118859015,-0.0010930942,0.33858216,-0.89833874,127.739136,139.00632546254448
3589,176.44843622244417,170.8491803656166,0.13419439,0.0051851175,0.4119095,-0.92027986,132.07745,139.00632546254448
3590,176.15736817972888,168.6685142697426,0.15777858,0.0065041194,0.45964536,-0.9202184,131.98123,139.00632546254448
3591,175.94658510472777,164.08757444342692,0.1710934,0.005096862,0.5065552,-0.92585754,134.18654,139.00632546254448
3592,175.1975440030357,160.69716765311182,0.13774525,0.004369523,0.44395083,-0.9107607,132.79819,139.00632546254448
3593,174.50133326920187,161.73753379962457,0.15247776,0.018299175,0.456581,-0.89062864,130.08276,139.00632546254448
3594,174.6606943276803,165.79238696789656,0.16670533,0.029923866,0.4844267,-0.91079175,135.38148,139.00632546254448
3595,175.49117703640496,169.47196903449333,0.16241692,0.03797531,0.52274734,-0.88429666,133.627,139.00632546254448
3596,175.7964759998325,171.8507910659174,0.15637296,0.048934355,0.5219478,-0.8937408,136.21405,139.00632546254448
3597,174.84268915154925,173.409119732921,0.19142541,0.073236436,0.5630918,-0.8746719,134.65453,139.00632546254448
3598,173.85076632501543,173.5861095814662,0.07264587,0.0224193,0.3081753,-0.81180215,120.21391,139.00632546254448
3599,174.55923044148824,172.0488382207888,-0.12386071,-0.027089154,0.04042484,-0.95577973,126.52001,139.00632546254448
3600,176.67131001386645,170.1048915869688,0.051950406,0.015026478,0.36958945,-0.8084561,124.93879,139.00632546254448
3601,178.3002911350984,169.12032166033148,0.11850314,0.026701445,0.48646054,-0.7967075,128.81332,139.00632546254448
3602,178.42174920835515,169.22419067831473,0.015978627,0.019202586,0.33094037,-0.8524648,127.79235,139.00632546254448
3603,177.480550092438,170.05698262142528,0.06347235,0.0393773,0.39039382,-0.75086045,120.27925,139.00632546254448
3604,175.6928961647696,170.79322797417439,0.067250766,0.053166445,0.38328397,-0.68473935,116.17104,139.00632546254448
3605,172.2115745637327,169.4631418241382,0.06991105,0.047451135,0.38637754,-0.6501958,107.08263,139.00632546254448
3606,166.15874586046016,163.97475678584303,0.014185198,0.03391578,0.29756576,-0.55769265,94.849,139.00632546254448
3607,157.90885877604853,154.0204063688184,-0.031909175,0.012788039,0.22615086,-0.48976132,77.93903,139.00632546254448
3608,150.29280032903492,142.10896092421953,-0.021047937,0.0066307946,0.2745616,-0.32611257,63.25845,139.00632546254448
3609,147.39174110332135,132.66098545610453,-0.04096963,-0.020868681,0.41192165,-0.6903201,107.84316,139.00632546254448
3610,150.45607108796773,128.98954824534326,-0.068460815,-0.037498247,0.497375,-0.856406,131.07689,139.00632546254448
3611,157.05648381437422,130.82082144603785,0.0012996274,-0.00035433905,0.6125451,-0.7680545,133.45876,139.00632546254448
3612,163.82011361941514,135.97172843916843,-0.0998606,-0.022039054,0.5488174,-0.7804636,133.36464,139.00632546254448
3613,168.14653086834466,144.16452615204966,-0.11261544,-0.028135486,0.56547,-0.76767004,133.29463,139.00632546254448
3614,168.54642383214176,155.38918521160426,-0.06117667,-0.008470108,0.7143957,-0.75719815,143.01524,139.00632546254448
3615,164.6847256243824,165.79981490192455,-0.08993472,-0.04412114,0.7339052,-0.78998935,146.75491,139.00632546254448
3616,158.26996899026355,170.52300278769857,-0.09316839,-0.04118368,0.7613486,-0.74519414,149.66858,139.00632546254448
3617,153.3827853438937,168.55840717374048,-0.09717062,-0.057724334,0.83501804,-0.7722024,155.49843,139.00632546254448
3618,153.94935031494614,162.78736152843305,-0.048378587,-0.041741315,0.9055966,-0.6866395,156.403,139.00632546254448
3619,160.06304095454965,157.6832803345456,-0.049790893,-0.010299763,0.9105364,-0.547624,149.50005,139.00632546254448
3620,167.3591527520706,156.8305336460305,0.0462048,0.070625216,0.9992177,-0.22399256,129.82674,139.00632546254448
3622,171.48869450513496,160.9559890514687,-0.15102735,0.038252153,-0.31545392,-0.7356834,106.9164,139.00632546254448
3623,172.13826759018946,168.00723269382635,-0.037068825,0.033042006,-0.09867749,-0.73522234,107.052216,139.00632546254448
3628,171.29667387709685,173.2390619627314,-0.08477704,-0.033162974,0.08541196,-0.3686698,48.553402,139.00632546254448
3629,170.1827377915475,169.54199789566348,-0.086121075,-0.028088724,0.060611736,-0.3180643,43.379066,139.00632546254448
3630,168.4190023091237,155.01762805623403,-0.08960694,-0.027547335,0.034622043,-0.2992514,40.307972,139.00632546254448
3631,164.21129525274625,139.79413983613236,-0.08951913,-0.015161715,0.020717638,-0.2866717,40.493317,139.00632546254448
3632,155.25215899400047,135.4876655811818,-0.08648595,-0.010997463,0.033272304,-0.29266605,44.047646,139.00632546254448
3633,140.27268657309895,140.84103704070634,-0.04270598,0.030594563,0.106381625,-0.1825441,42.796867,139.00632546254448
3634,123.44169959125183,145.99739378979712,-0.048451804,0.0072668046,0.09595738,-0.27447027,43.78933,139.00632546254448
3635,116.26579089127766,146.02118997814281,-0.085043564,0.0048230947,-0.005151308,-0.22745757,35.736206,139.00632546254448
3636,127.2004494531769,144.6267964073896,-0.08284903,-0.029357232,-0.045801505,-0.2741324,31.269756,139.00632546254448
3637,150.04666351176027,147.4343732398742,-0.07807446,-0.02367178,-0.014347877,-0.31331015,37.21916,139.00632546254448
3638,168.64263566098856,154.09772116156867,-0.10685979,-0.030833425,-0.061564542,-0.34753153,41.457523,139.00632546254448
3639,172.9897334601757,159.20411397107293,-0.09969661,0.0021635757,-0.09517143,-0.29187307,40.559357,139.00632546254448
3640,167.5337949502555,160.8354956611973,-0.1074082,-0.0069844746,-0.12761606,-0.27997592,35.352146,139.00632546254448
3641,163.10866237165143,162.50211444483813,-0.11839666,-0.01005717,-0.16328663,-0.2747864,32.996456,139.00632546254448
3642,164.85419497527937,166.24839503140606,-0.08105319,-0.0071019293,-0.08335881,-0.31571564,38.216946,139.00632546254448
3643,170.27332584599634,169.72945491521068,-0.088123724,0.009448602,-0.1372245,-0.28744206,36.539715,139.00632546254448
3644,174.82722067132204,170.86447435408616,-0.09606496,0.0076812976,-0.15912502,-0.28661332,35.499367,139.00632546254448
3645,175.901130130024,170.89692146382163,-0.10291508,0.001464777,-0.18908884,-0.28615096,35.15804,139.00632546254448
3646,173.84445384898777,171.5467499016536,-0.106542334,0.010378578,-0.17729774,-0.2706755,36.714653,139.00632546254448
3647,171.4573482290281,172.64214091647142,-0.1073037,0.015479172,-0.21275799,-0.25988773,35.896477,139.00632546254448
3648,171.34401112614526,173.5560744368103,-0.10291376,0.017495435,-0.24673764,-0.26541686,36.781803,139.00632546254448
3649,173.23608240678232,174.34392113763028,-0.111864,0.022459036,-0.2694676,-0.2569125,36.423717,139.00632546254448
3650,174.50896799120233,175.00168319342998,-0.11148551,0.026812093,-0.26292703,-0.23151535,32.47243,139.00632546254448
3651,173.53738978391507,175.21467548176503,-0.10945301,0.025544245,-0.2560611,-0.21655297,31.031763,139.00632546254448
3652,171.9436995496826,174.97508069988206,-0.10815859,0.027663473,-0.25854895,-0.21750621,32.65614,139.00632546254448
3653,172.52287176772282,174.4903050856102,-0.09895104,0.020949034,-0.23180184,-0.22584614,33.425026,139.00632546254448
3654,175.55571706004858,173.19931724373166,-0.10388984,0.016091472,-0.23678981,-0.22682309,35.11409,139.00632546254448
3655,178.74208095563247,170.3813775384993,-0.08837707,0.015887737,-0.20453969,-0.31780985,47.64547,139.00632546254448
3656,180.09902527594866,167.18625092283256,-0.09848254,0.015419896,-0.22122832,-0.3784914,55.13837,139.00632546254448
3657,179.51221054962284,165.15071401272613,-0.097179785,-0.00087421195,-0.1884895,-0.38254654,55.504528,139.00632546254448
3658,178.2480322541377,164.19123116843468,-0.09669767,0.002773241,-0.18599287,-0.43205962,62.079834,139.00632546254448
3659,177.72033401275382,165.0629267006192,-0.09240082,0.0037001427,-0.17523229,-0.43115115,63.92368,139.00632546254448
3660,177.99117858615358,168.76606646559165,-0.100565545,-0.014844039,-0.16495164,-0.29404685,47.649773,139.00632546254448
3661,177.67581049176673,172.33427020397505,-0.1031434,7.0253096e-05,-0.15484923,-0.3438584,52.94144,139.00632546254448
3662,176.17241361043085,171.53149972047876,-0.110540174,-0.017639015,-0.16597688,-0.2555699,41.223766,139.00632546254448
3663,174.9937088364355,166.87891485812503,-0.11588643,-0.02056857,-0.15815069,-0.2453136,38.60723,139.00632546254448
3664,175.60118087848699,162.53027335812712,-0.11517687,-0.022789115,-0.12986241,-0.3045487,41.949497,139.00632546254448
3665,177.1336683075602,161.16262377302976,-0.11463285,-0.021898767,-0.106363624,-0.37463978,49.638,139.00632546254448
3666,177.71644796612625,162.24671484614987,-0.1192318,-0.028466335,-0.1114921,-0.33851618,46.567978,139.00632546254448
3667,177.037830597203,163.64346106588184,-0.113817915,-0.047426768,-0.04666913,-0.3686205,53.209732,139.00632546254448
3668,176.45243909090468,163.21718205101593,-0.12825625,-0.03680933,-0.044770103,-0.42581794,56.00703,139.00632546254448
3669,176.94110041488304,159.51361849778138,-0.121684946,-0.041984126,-0.05158509,-0.36325988,45.754745,139.00632546254448
3670,177.65463432013058,153.65129080563457,-0.11420343,-0.042501148,-0.095898986,-0.33934507,38.547424,139.00632546254448
3671,176.90134249965834,149.98275284257355,-0.124175854,-0.03714259,-0.06886033,-0.33383152,39.177105,139.00632546254448
3672,174.515264573527,151.37408603745018,-0.12353084,-0.04637846,-0.072670676,-0.29186177,34.2517,139.00632546254448
3673,171.76405387108554,155.59942225830022,-0.12086606,-0.05294493,-0.0679264,-0.3819191,42.357502,139.00632546254448
3674,168.97950221252972,158.63841833752574,-0.11661882,-0.039047327,0.020330807,-0.4375735,55.732758,139.00632546254448
3675,165.69209618172067,158.89445262586895,-0.11933278,-0.036723047,-0.036318656,-0.35254034,46.646584,139.00632546254448
3676,162.22030118387505,157.86253520053594,-0.12155893,-0.039281577,-0.07354797,-0.32691488,40.18245,139.00632546254448
3677,159.47301403456905,158.7870595844099,-0.11494636,-0.038144358,-0.08267165,-0.34148535,43.596382,139.00632546254448
3678,158.7714349278864,163.66916283884945,-0.10991667,-0.023117,-0.1312319,-0.25570786,31.887924,139.00632546254448
3679,160.9908302513249,170.18592266823146,-0.109963216,-0.023907129,-0.10133394,-0.33928555,42.01984,139.00632546254448
3680,165.10571952133418,173.4403873771058,-0.08656586,-0.011157728,-0.016213536,-0.49542657,63.944202,139.00632546254448
3681,169.01143754316792,171.98159090563362,-0.092082486,0.015231969,-0.05986793,-0.37578335,57.19453,139.00632546254448
3682,170.5045840795795,169.21150187077097,-0.11369717,-0.006827503,-0.112427786,-0.4341382,54.42979,139.00632546254448
3683,168.8852599683905,168.67891422430984,-0.1197082,-0.0037600773,-0.1425106,-0.43604955,55.13772,139.00632546254448
3684,166.7932866953655,171.2677212314109,-0.11799139,0.0014408471,-0.18680693,-0.39556378,54.094177,139.00632546254448
3685,166.9176225957293,175.60126854877612,-0.12701803,0.0019058348,-0.22835022,-0.37431443,53.105057,139.00632546254448
3686,168.5383592083497,179.11106644331593,-0.13287802,0.0110745225,-0.22852848,-0.33788425,45.72961,139.00632546254448
3687,170.15701039574876,180.06491720418714,-0.08989191,0.0074202637,-0.14959826,-0.3655802,48.90638,139.00632546254448
3688,171.9075751556421,178.94349374577365,-0.09740108,-0.005277105,-0.16784562,-0.40299436,50.036346,139.00632546254448
3689,173.80019094670365,177.4149625225898,-0.14184187,0.018522887,-0.28983924,-0.32162568,46.318336,139.00632546254448
3690,174.8084255336251,176.540250722048,-0.14274156,0.029758552,-0.30609185,-0.32979855,48.157303,139.00632546254448
3691,174.36374185118967,176.43160130732412,-0.14175406,0.018226726,-0.31726605,-0.34406936,46.447483,139.00632546254448
3692,172.96217421868974,176.91224750038828,-0.124175414,0.033314675,-0.29112047,-0.34041774,47.695625,139.00632546254448
3693,171.47147347712436,177.64004402967603,-0.13802274,0.044444084,-0.3346673,-0.29789904,45.241734,139.00632546254448
3694,170.57259432508332,178.14390906531344,-0.13569473,0.049091324,-0.34389284,-0.30568132,46.945812,139.00632546254448
3695,170.57965204954726,178.25093508902717,-0.14189325,0.041640107,-0.30820736,-0.24926741,41.636894,139.00632546254448
3696,171.5231496865275,178.01579107367627,-0.1680318,0.039914954,-0.3683857,-0.2241324,39.11932,139.00632546254448
3697,173.21876646278326,177.42338337522574,-0.12878972,0.038271032,-0.33487102,-0.25777462,41.985023,139.00632546254448
3698,175.22092824248156,176.166852471611,-0.13136758,0.02041511,-0.31757078,-0.24776225,41.831505,139.00632546254448
3699,176.993915402988,173.4228536594169,-0.1354124,0.024346868,-0.31294945,-0.31094196,49.646072,139.00632546254448
3700,178.1975426975671,168.9893464723261,-0.13102114,0.01186443,-0.281898,-0.41525528,63.348675,139.00632546254448
3701,178.65967640143222,164.98919685192354,-0.12366389,0.0336475,-0.26732752,-0.56435716,82.640495,139.00632546254448
3702,178.17622793570018,164.62683416717422,-0.120952554,0.0033908095,-0.28434676,-0.45520756,66.11993,139.00632546254448
3703,176.7860974225732,168.19581972242554,-0.13703261,0.007098636,-0.26549083,-0.36005083,59.512497,139.00632546254448
3704,175.37056422315908,171.79489009667788,-0.13758235,-0.0004908935,-0.24933745,-0.36629832,57.822,139.00632546254448
3705,175.0417283690468,171.79545712041215,-0.07984528,-0.0029739013,-0.11707239,-0.429718,62.346195,139.00632546254448
3706,175.50650730622363,169.1006065307469,-0.14744149,-0.0012946328,-0.20201497,-0.4235526,62.081825,139.00632546254448
3707,175.43208464190874,166.86997193453368,-0.14197843,-0.025882777,-0.17258067,-0.3960742,55.168587,139.00632546254448
3708,174.74037265465026,166.2589161564966,-0.12946855,-0.030474914,-0.11402472,-0.46133232,63.62772,139.00632546254448
3709,174.68211296776892,166.76948439127304,0.065342404,-0.010086807,0.26914048,-0.4624937,65.116875,139.00632546254448
3710,175.6024513735691,168.1825950302293,-0.1428342,-0.026549304,-0.062550284,-0.42948374,61.167683,139.00632546254448
3711,176.50986388546139,169.38943365898288,-0.16705835,-0.021380432,-0.1399828,-0.41537955,50.939335,139.00632546254448
3712,176.40492121330678,168.111266991812,-0.16218323,-0.03608682,-0.15482333,-0.38867328,47.084965,139.00632546254448
3713,174.97611483660626,164.05360446526456,-0.16231538,-0.04894489,-0.10822269,-0.39955986,51.09575,139.00632546254448
3714,173.13525492534697,159.38580934705874,-0.16297005,-0.049330186,-0.08956962,-0.3916643,50.33594,139.00632546254448
3715,172.53390383457716,155.75934797532057,-0.15254626,-0.060319964,-0.031856265,-0.4720841,58.252583,139.00632546254448
3716,172.98702992234732,153.3817321151644,-0.1486955,-0.054891158,-0.041789614,-0.4635995,55.833607,139.00632546254448
3717,171.56368614634698,152.3039651915504,-0.14320083,-0.051516812,-0.06431802,-0.44360593,56.98382,139.00632546254448
3718,165.72062854702318,153.0688129540102,-0.14041662,-0.059497345,-0.067212895,-0.48922673,66.361015,139.00632546254448
3719,156.4690457787068,155.5452033614691,-0.14383925,-0.055817183,-0.0610877,-0.50553906,70.15485,139.00632546254448
3720,147.4188419355943,157.37025188704555,-0.14465815,-0.04628713,-0.06519575,-0.5046102,70.14151,139.00632546254448
3721,141.73717448807884,155.59961795919213,-0.15045446,-0.020322902,-0.06409234,-0.4945449,73.43947,139.00632546254448
3722,141.51840037115366,150.60822890678614,-0.18012147,-0.022420837,-0.16758569,-0.4027623,58.416847,139.00632546254448
3723,148.0932762395928,147.03050724339056,-0.12939347,-0.0072391424,-0.069013126,-0.46905577,68.689,139.00632546254448
3724,159.94413147501638,150.14218726001826,-0.16771083,-0.023091754,-0.18651801,-0.47798076,66.51818,139.00632546254448
3725,171.74137461375452,160.03791233164642,-0.17318705,0.0030325188,-0.2170364,-0.48626667,71.88337,139.00632546254448
3726,177.87835195636035,170.2517567919311,-0.18805699,0.0056878664,-0.2859494,-0.43618795,65.236275,139.00632546254448
3727,176.97596457118019,174.97720412032217,-0.17566392,0.0016127476,-0.27684066,-0.43221065,63.270958,139.00632546254448
3728,172.59777369145664,175.2378402869786,-0.1615066,0.0033818083,-0.28209296,-0.4402116,62.114056,139.00632546254448
3729,169.48375082580978,175.28115742075673,-0.16399531,0.0075342054,-0.2944048,-0.44038263,60.502956,139.00632546254448
3730,169.4758783586901,176.46990040972798,-0.16894771,0.012483097,-0.30763963,-0.42543012,58.61626,139.00632546254448
3731,171.2314448292452,177.08074543148877,-0.1734729,0.022594713,-0.3046376,-0.4684426,62.69791,139.00632546254448
3732,172.6831708620425,175.90931417071397,-0.1763581,0.01540365,-0.31527877,-0.5709467,75.06913,139.00632546254448
3733,172.98685220398897,174.13431544713174,-0.17682308,0.029828805,-0.37571618,-0.46746057,68.8374,139.00632546254448
3734,172.52210837301652,173.57158165954658,-0.16925508,0.039091017,-0.3896386,-0.4624397,67.04855,139.00632546254448
3735,171.8623450533771,174.32420695768866,-0.17917964,0.046307325,-0.4281206,-0.48174435,71.23211,139.00632546254448
3736,171.3368222069193,175.25605524120886,-0.17525293,0.047417983,-0.46394923,-0.43507478,66.73427,139.00632546254448
3737,171.16677326336801,175.91027039421385,-0.1682408,0.04005173,-0.449921,-0.42830414,71.96641,139.00632546254448
3738,171.3610514578413,176.65337359751265,-0.17755856,0.044904023,-0.44156793,-0.51136833,79.639496,139.00632546254448
3739,171.66621841958965,177.65022467324206,-0.19094089,0.03161082,-0.43579972,-0.4445483,74.32656,139.00632546254448
3740,171.97381454737632,178.46960014335625,-0.19107875,0.025720757,-0.43858525,-0.47568262,76.29861,139.00632546254448
3741,172.7099120598468,177.86248658155614,-0.19596837,0.02697653,-0.44975373,-0.48513934,74.1301,139.00632546254448
3742,174.3635629771011,174.2261398664236,-0.1990841,0.037949625,-0.4434002,-0.33796284,59.59917,139.00632546254448
3743,176.2856898575912,167.11307256633305,-0.20219192,0.03857356,-0.42868876,-0.3734953,62.421265,139.00632546254448
3744,176.68807660825195,157.0169476896485,-0.19667792,0.020679437,-0.43543923,-0.4125791,65.9311,139.00632546254448
3745,174.67372765204308,144.49754724548322,-0.18733382,-0.004320346,-0.40474916,-0.5401305,81.221504,139.00632546254448
3746,171.6236611295158,133.017407977886,-0.19589373,-0.013105715,-0.3708068,-0.5575591,82.398796,139.00632546254448
3747,169.74991071524028,129.77898622730592,-0.20184724,-0.026793214,-0.33944276,-0.5893068,85.33571,139.00632546254448
3748,169.86183968053956,138.15257838115394,-0.21251209,-0.023405697,-0.35922822,-0.560442,84.52993,139.00632546254448
3749,171.08773071356933,152.52987477768733,-0.2096765,-0.039044473,-0.3092155,-0.58332264,86.59536,139.00632546254448
3750,172.09130172635918,164.58272722301658,-0.181278,-0.035624575,-0.2677363,-0.6035058,85.40644,139.00632546254448
3751,172.09849065297948,170.64742751390511,-0.2066025,-0.03822449,-0.261947,-0.59054303,84.361694,139.00632546254448
3752,171.2134839147724,171.45700018514893,-0.20887123,-0.007997217,-0.24546607,-0.566826,88.2892,139.00632546254448
3753,170.29554605520846,169.22357114180184,-0.21917385,-0.07020875,-0.20643915,-0.6014226,79.48333,139.00632546254448
3754,170.40039668704128,166.2515363775515,-0.22399673,-0.06724648,-0.23103565,-0.5963332,71.09029,139.00632546254448
3755,171.83424727535385,163.7428937256579,-0.23661637,-0.068491936,-0.11934069,-0.6169928,83.97137,139.00632546254448
3756,174.01969592128623,161.63140694149504,-0.2531715,-0.07383513,-0.13188702,-0.6038857,73.0621,139.00632546254448
3757,176.25252814990597,160.01398257263148,-0.23124333,-0.06792552,-0.078412116,-0.6078278,79.6247,139.00632546254448
3758,177.91070820516472,159.3745948218383,-0.2448092,-0.061802525,-0.07140393,-0.60316956,82.349075,139.00632546254448
3759,178.33721872090223,159.51563708388124,-0.23139393,-0.09096041,-0.106041774,-0.5915545,73.12048,139.00632546254448
3760,176.94600556974248,159.731372684308,-0.24387571,-0.08883109,-0.12596643,-0.59017015,73.634796,139.00632546254448
3761,173.3604074180831,159.68264799207165,-0.21999098,-0.096884064,-0.04413563,-0.6388721,81.549034,139.00632546254448
3762,167.46899028377032,159.5923102223486,-0.24138963,-0.09429787,-0.086103074,-0.7121327,83.47489,139.00632546254448
3763,159.262571765251,160.02693844286495,-0.23154761,-0.0666276,-0.035824686,-0.7263821,90.54565,139.00632546254448
3764,149.07025985877775,161.24299397650515,-0.23233928,-0.071562216,-0.031134855,-0.8542795,110.21953,139.00632546254448
3765,138.10228854591026,162.17080713681554,-0.13489735,0.0343643,0.11926209,-0.7508629,116.54172,139.00632546254448
3766,128.92682890254397,160.33674860330873,-0.22121075,-0.017839016,-0.09468888,-0.7206896,105.5622,139.00632546254448
3767,125.74527362349997,154.86271240099208,-0.23843373,-0.034782745,-0.17124017,-0.6994088,96.15333,139.00632546254448
3768,132.57957092059158,149.7350931295351,-0.26275185,-0.0038694087,-0.2586965,-0.637863,94.01291,139.00632546254448
3769,148.98017039862054,150.54668238509643,-0.26312727,-0.010510522,-0.3061867,-0.6910674,99.045685,139.00632546254448
3770,167.82134879062627,157.8283308262948,-0.27318266,-0.0006759665,-0.37450826,-0.6745431,94.69836,139.00632546254448
3771,179.92560378163918,166.63781721246684,-0.28286135,0.002889378,-0.3944426,-0.6960178,99.958916,139.00632546254448
3772,181.56419750002343,172.4983202676582,-0.2611136,0.016357336,-0.35265076,-0.86067843,116.64774,139.00632546254448
3773,176.21522516884013,175.29386860416292,-0.2588247,0.023461899,-0.37024435,-0.8031504,108.23647,139.00632546254448
3774,170.06316973115463,177.018604867701,-0.23312391,0.022843013,-0.39056548,-0.76633984,103.71464,139.00632546254448
3775,167.30893767150206,178.46452348343922,-0.22996648,0.029622875,-0.3986547,-0.7004562,93.87771,139.00632546254448
3776,168.75327778052718,179.2872221255658,0.07249592,0.00941633,0.26247874,-0.66680914,88.455765,139.00632546254448
3777,172.55993436517778,179.1832675882444,0.0973159,0.0050566862,0.17890082,-0.61469483,79.28864,139.00632546254448
3778,175.72980548450445,178.05946503951526,0.18510637,0.023689562,0.3188428,-0.625716,84.368454,139.00632546254448
3779,176.23669342585882,175.9801438049509,0.2000615,0.0071506673,0.34925666,-0.6527507,90.792755,139.00632546254448
3780,174.2395284277411,173.41479141373816,0.19431391,-0.0049732607,0.39011368,-0.56997466,80.90306,139.00632546254448
3781,171.26916207311044,171.09777670586493,-0.104181826,-0.022168804,-0.15890153,-0.5067041,55.919964,139.00632546254448
3782,169.0630264330175,169.30175304569286,0.009800746,-0.03135154,0.0456026,-0.48377764,53.318283,139.00632546254448
3783,168.64199642890205,168.08366223447297,-0.12551549,0.029590383,-0.2933989,-0.28775206,38.182484,139.00632546254448
3784,169.95768770182383,167.76166013941003,-0.16284712,0.03862669,-0.32471552,-0.15965763,23.377243,139.00632546254448
3785,172.63954402265628,167.58625516931772,-0.1363639,0.028991915,-0.29043904,-0.19758397,23.861483,139.00632546254448
3786,176.08533845265995,166.09630898117857,0.003722975,-0.02249526,0.092529036,-0.22342679,22.516981,139.00632546254448
3787,179.01092857867772,164.41955432276256,-0.101319015,0.0019648913,-0.21261616,-0.23966755,32.535965,139.00632546254448
3788,180.20513309139605,165.7265765951,-0.100441724,0.012904835,-0.2222742,-0.293807,43.345127,139.00632546254448
3789,179.5417437952011,166.44789337420005,-0.100474656,0.03299722,-0.18389538,-0.5219133,73.994606,139.00632546254448
3790,177.23433558053011,154.20102633162998,0.012154664,-0.014094088,0.09537121,-0.47067553,62.022335,139.00632546254448
3791,172.63954751110646,130.06235678864158,0.066206075,-0.0076600024,0.21421222,-0.45879772,60.946217,139.00632546254448
3792,166.77137690852223,119.16991684583184,0.06306752,0.0070990752,0.20028499,-0.3378952,49.834538,139.00632546254448
3793,164.31448590022316,137.5321633569768,0.051468294,-0.009423574,0.19096196,-0.27647665,40.88435,139.00632546254448
3794,168.21887177711392,169.12309437114473,-0.057062637,-0.022138506,-0.04043856,-0.23561768,34.708168,139.00632546254448
3795,174.96853759415023,188.77257981955987,-0.083852775,-0.015433507,-0.047768593,-0.26917583,35.94371,139.00632546254448
3796,178.74539628377292,188.5569994516803,-0.08521876,-0.021862324,-0.009896027,-0.30749363,39.6369,139.00632546254448
3797,177.73213786430824,177.83701379243055,-0.06564888,-0.03526727,0.04019443,-0.3191574,42.77591,139.00632546254448
3798,174.8307971451716,168.70997602591677,-0.079318814,-0.049574535,0.016535822,-0.34410405,41.444935,139.00632546254448
3799,173.58053092702528,165.44790593322145,-0.07966965,-0.049790565,0.044963736,-0.36055097,44.47003,139.00632546254448
3800,174.5629057536514,164.87561601846667,-0.08173377,-0.054023094,0.02558047,-0.3272611,40.11007,139.00632546254448
3801,175.79119068528627,163.5210294844249,-0.05277193,-0.036937322,0.10243516,-0.3063015,43.294525,139.00632546254448
3802,175.7061104665458,162.6358806110063,-0.035816785,-0.02679497,0.16655208,-0.29247263,46.238956,139.00632546254448
3803,174.81299900011845,164.6972256554628,-0.050702974,-0.036710974,0.19402456,-0.28656214,47.217033,139.00632546254448
3804,174.2080379652688,167.58064708566448,-0.041764587,-0.023976283,0.19209172,-0.24873394,45.349068,139.00632546254448
3805,173.61548896386375,167.61661047731118,-0.030600931,-0.017992696,0.20007905,-0.20151946,40.572857,139.00632546254448
3806,171.72266780571584,165.891763147236,-0.045203038,-0.044107746,0.17389397,-0.2426577,39.47898,139.00632546254448
3807,168.35688103167348,165.63634334411574,-0.03336934,-0.039096724,0.19159073,-0.2571307,41.843056,139.00632546254448
3808,165.95999228957976,167.02407393332928,-0.035418537,-0.03358054,0.18755117,-0.23829564,40.77358,139.00632546254448
3809,167.35513819940465,168.58196205696797,-0.004913326,-0.017274138,0.23496586,-0.16553868,40.372246,139.00632546254448
3815,171.02772056607316,167.85228709203076,-0.016591147,0.004140103,0.5785233,-0.24418417,82.07754,139.00632546254448
3816,169.43809403067942,159.5568508833106,0.010535769,0.029214092,0.4916518,-0.16143942,69.38262,139.00632546254448
3817,155.0961030586906,143.34592173777958,0.009968475,0.016402341,0.45080006,-0.1712733,62.163296,139.00632546254448
3818,132.17020152807777,131.2574012693796,0.0043640346,-0.03717552,0.36375692,-0.24854513,55.250248,139.00632546254448
3819,116.46355322511171,134.4616420443023,-0.014241619,-0.047139388,0.31734815,-0.28545567,55.236877,139.00632546254448
3820,117.7085811595434,147.22947623420657,0.005232099,-0.034662876,0.40047687,-0.2553351,59.378246,139.00632546254448
3821,129.5778912992129,153.19858009221215,-0.015006939,-0.0394616,0.36983338,-0.25696102,58.948017,139.00632546254448
3822,139.34432601254088,142.9323073241926,-0.021411827,-0.0374438,0.41250905,-0.25036028,61.614708,139.00632546254448
3823,139.05441213077063,122.04753767707116,-0.020943325,-0.03635971,0.46383289,-0.23730002,65.86221,139.00632546254448
3824,128.85091924929293,104.72789510626235,-0.018804997,-0.027903432,0.4646856,-0.21207258,68.07544,139.00632546254448
3826,117.19085507231028,101.24756869376546,-0.059243117,-0.014168073,0.024797805,-0.21123196,30.600864,139.00632546254448
3827,115.78319857180176,110.24690670977758,-0.07659058,-0.02418375,0.09999979,-0.38708314,54.500015,139.00632546254448
3828,127.88515164398667,120.33803133663942,-0.08620318,-0.015678516,0.20497614,-0.3875086,63.921597,139.00632546254448
3829,143.84755373383942,122.07353536775457,-0.047951687,-0.019260984,0.44253477,-0.43546513,84.2136,139.00632546254448
3830,151.61697881141583,119.88045017980538,-0.02710496,-0.040037896,0.51985973,-0.47642598,93.228584,139.00632546254448
3831,147.8311809559576,126.40255595703606,0.010424023,-0.039368078,0.63496965,-0.43264347,99.73784,139.00632546254448
3832,137.174332946552,144.88028825826143,0.033678673,-0.058623355,0.6773746,-0.39272535,101.89561,139.00632546254448
3833,125.93823909041895,164.14515112513487,0.047790326,-0.032663736,0.70542604,-0.3508872,103.83271,139.00632546254448
3834,117.68828268194235,172.19634704930982,0.044608958,-0.030752853,0.7402797,-0.3331147,105.413765,139.00632546254448
3835,112.37131570707064,168.39662980033012,0.030677332,-0.040364794,0.72342116,-0.31951284,103.44234,139.00632546254448
3836,109.51351763438667,159.93134756336528,0.00020241673,-0.060079347,0.67899,-0.3694898,102.82197,139.00632546254448
3837,110.28844852023889,152.27881877587086,0.0010476493,-0.0031468996,0.75449014,-0.2857674,106.71101,139.00632546254448
3838,114.52321705649598,145.81499449313745,0.00014972691,0.011632595,0.7782036,-0.23907721,106.067024,139.00632546254448
3839,119.57225801083568,139.07264442558898,0.013636125,0.007773505,0.7865168,-0.22274995,105.8698,139.00632546254448
3840,123.18815049808066,132.52625819297052,-0.015112758,-0.0042257234,0.7304895,-0.25634235,104.6413,139.00632546254448
3841,125.10301438865598,127.55528441784273,0.0008922143,0.02182193,0.7635585,-0.23141457,105.52498,139.00632546254448
3842,127.21253239788928,125.17299091899365,-0.01259638,0.010073855,0.6583154,-0.28462338,99.8618,139.00632546254448
3843,132.8901587540702,127.38401872685364,-0.01919534,0.0064964355,0.61872953,-0.29835963,95.430916,139.00632546254448
3844,142.94128495243058,135.73585516366248,-0.015793335,-0.027068079,0.60004044,-0.37245512,95.12688,139.00632546254448
3845,151.87232243009828,147.52941689646156,0.031852752,-0.01813847,0.63825023,-0.36485726,96.65837,139.00632546254448
3846,152.76318281681517,156.7782651161508,0.021759579,0.0074927122,0.626932,-0.29818025,95.25927,139.00632546254448
3847,146.26782637613658,160.68971948061045,0.017323535,-0.002830541,0.5950762,-0.32576776,92.83999,139.00632546254448
3848,139.48094908670006,162.12821606028658,0.008610834,-0.00768503,0.5454727,-0.31989285,87.010086,139.00632546254448
3849,137.57140248574672,163.85945174887465,-0.028051183,-0.011863772,0.4918463,-0.3567158,83.37909,139.00632546254448
3850,140.64066693294794,164.03173062742528,-0.027790807,-0.0042419694,0.46863556,-0.36407876,81.654594,139.00632546254448
3851,144.7858081407013,158.84576069774388,-0.06342581,-0.013927237,0.37038574,-0.40994108,76.200615,139.00632546254448
3852,144.42266735433947,146.8602738188527,-0.089289926,-0.008090742,0.27738732,-0.37299672,69.90346,139.00632546254448
3853,136.79274193471682,130.70507200671506,-0.03629231,-0.0063346336,0.33182073,-0.39205223,67.233116,139.00632546254448
3854,124.62499413317715,116.41828315241867,-0.037354887,-0.005666351,0.29870254,-0.3827178,62.634277,139.00632546254448
3855,113.53161014932913,109.19983923845164,-0.04744982,-0.005342089,0.22853068,-0.36750075,57.990837,139.00632546254448
3856,107.57011266249461,108.885646060289,-0.0015644486,0.010846419,0.31665397,-0.30286703,59.40854,139.00632546254448
3857,108.08640799331467,112.37821322240649,0.019966807,0.04450753,0.30295813,-0.18352282,51.202656,139.00632546254448
3860,115.55785598921779,119.58407157706435,0.015254142,0.05039584,0.34618002,-0.19247197,53.87286,139.00632546254448
3861,129.78173732692733,132.3373713572667,-0.03138996,0.02087878,0.22354403,-0.20817375,48.273125,139.00632546254448
3862,146.92342463726158,147.761134150857,-0.049592976,0.011890336,0.18885788,-0.24396661,48.578945,139.00632546254448
3863,159.36064246982775,158.36191829056136,-0.069841675,0.004542082,0.102674894,-0.2922509,47.247253,139.00632546254448
3864,161.90977846911906,159.30480446799766,0.038915824,0.087112956,0.28239724,-0.19128491,48.68712,139.00632546254448
3865,156.51219340366944,150.85118132061714,0.0026349302,0.039261162,0.1484685,-0.27543867,47.561222,139.00632546254448
3866,149.49407268837308,136.74126468287704,-0.065594874,0.021447392,-0.03950156,-0.31385174,42.507523,139.00632546254448
3868,146.65865087884814,125.46979040378926,0.0376842,-0.061557077,-0.3682531,-0.4133725,72.85329,139.00632546254448
3869,150.23103002343373,127.60261051135562,0.02943034,-0.043810267,-0.3726782,-0.42208257,75.795006,139.00632546254448
3870,157.8903739258036,145.1917038978369,-0.016754486,0.015739987,-0.4324056,-0.33474678,77.49452,139.00632546254448
3871,165.79450785838526,167.08810351649768,-0.042487755,0.041589614,-0.5167532,-0.30781505,82.81,139.00632546254448
3872,172.22053094708357,179.76487369056906,0.03748398,-0.063987836,-0.4173315,-0.4735605,81.63543,139.00632546254448
3873,176.71188281092597,179.87749587562948,0.02452272,-0.051554136,-0.46052483,-0.45003793,85.0028,139.00632546254448
3874,178.50298221871503,173.48591128883794,-0.02420746,-0.038781025,-0.5096058,-0.35264704,88.40258,139.00632546254448
3875,177.53218067272252,167.515395716734,-0.032824002,0.013733382,-0.63441265,-0.51154286,112.75706,139.00632546254448
3876,175.32917337869756,165.3041312460292,-0.008454082,0.0068450663,-0.5960053,-0.5632116,116.00804,139.00632546254448
3877,174.10211280127163,167.24220388406914,-0.008052322,-0.030934634,-0.587794,-0.69775766,122.323555,139.00632546254448
3879,174.72888235770282,171.2729650977238,-0.07727401,0.038914725,-0.4147813,-0.46786013,91.2037,139.00632546254448
3880,175.72457159524433,173.71708392227129,0.02495346,-0.00530345,-0.2513783,-0.7442402,112.278175,139.00632546254448
3881,175.10420458523083,172.81659012465735,-0.007081073,0.012454118,-0.3362625,-0.77013135,118.93955,139.00632546254448
3882,173.28526334795194,170.6903183102881,-0.0513414,0.037260044,-0.46610206,-0.84016085,135.52126,139.00632546254448
3883,172.6842150338867,170.1900121663467,0.03631953,-0.012849949,-0.16456787,-1.1007944,155.74165,139.00632546254448
3884,174.45173583017717,170.9124727533244,0.078019135,-0.039590035,-0.14659756,-1.1670434,166.39384,139.00632546254448
3886,177.1746315675619,170.532330977991,0.05226962,-0.05786001,-0.41038346,-1.2202655,167.71004,139.00632546254448
3887,178.27876224716883,169.5011462544239,-0.19139929,0.0810466,-0.7592981,-0.6152764,116.879105,139.00632546254448
3888,175.24853546926545,170.56979043446674,-0.248011,0.11839293,-0.7976119,-0.39858136,104.33169,139.00632546254448
3889,167.06050689218628,173.76295917748158,-0.15144812,0.06287213,-0.78504014,-0.57747376,125.60333,139.00632546254448
3891,156.8059699301848,175.47573358941438,-0.10786309,0.06008506,-0.7636393,-0.5571291,126.07178,139.00632546254448
3892,151.06844774793012,172.8692438716599,-0.107734,0.06174874,-0.79594517,-0.60731846,131.53427,139.00632546254448
3893,152.82359210584232,167.58698565123973,-0.1697003,0.08837532,-0.9280359,-0.57558304,139.37129,139.00632546254448
3894,156.99119452850204,164.0543353771872,-0.06089099,0.055084355,-0.8161789,-0.6569558,142.25113,139.00632546254448
3895,158.62674193891093,163.4365075766713,0.060874306,-0.0026805946,-0.6500835,-0.71353257,138.3693,139.00632546254448
3896,159.70042497277345,161.88768651330074,-0.022102064,0.06232679,-0.7753285,-0.54424405,133.66116,139.00632546254448
3897,160.71282726794396,157.86300439824186,-0.10181166,0.0771008,-0.94538885,-0.5219645,137.28241,139.00632546254448
3898,156.68436707838706,156.41996438923803,-0.12421362,0.089361496,-1.0121092,-0.5283127,139.19763,139.00632546254448
3899,147.29027480347824,161.859029583282,-0.14500107,0.1213508,-0.9597429,-0.44920915,128.80385,139.00632546254448
3900,139.9414927336551,171.02359656062598,-0.12891398,0.11987483,-0.9430007,-0.4263858,127.878746,139.00632546254448
3901,140.66795039607265,176.98341280051417,-0.1379898,0.11664209,-0.90129274,-0.3841393,118.76152,139.00632546254448
3902,148.33370362305715,176.4345614889752,-0.15584289,0.12077539,-0.95921004,-0.38482714,121.48861,139.00632546254448
3903,157.48695077313997,172.14486929626383,-0.16523395,0.13100095,-0.9901981,-0.35962668,120.80304,139.00632546254448
3904,164.00991449095704,169.3322983748796,0.018048897,-0.0703284,-0.5490099,-0.8332925,127.3407,139.00632546254448
3905,168.01518950252924,170.14650608770185,0.09030289,-0.09577143,-0.39408913,-0.86036944,125.0845,139.00632546254448
3908,171.73812178890907,171.43641219373595,-0.05397238,0.08866006,-0.81146234,-0.25441018,109.573524,139.00632546254448
3909,175.50965331609171,168.3334474069345,-0.07116155,0.085815474,-0.8635682,-0.35224813,118.58196,139.00632546254448
3910,177.56772735048628,160.49404709346447,-0.0692757,0.07490099,-0.88058347,-0.437187,125.22588,139.00632546254448
3911,177.0848659185714,153.0586339881163,-0.06877075,0.09212903,-0.83685553,-0.4420081,121.86778,139.00632546254448
3912,175.1934737739522,149.98075290155302,-0.07274883,0.08341589,-0.8275722,-0.4946483,126.001854,139.00632546254448
3913,173.40477536276592,150.79071790147768,-0.038762584,0.040599704,-0.6521151,-0.5980253,123.65661,139.00632546254448
3914,172.00873292423086,154.845322349036,-0.046541795,0.019341994,-0.63921773,-0.6861929,127.067085,139.00632546254448
3915,170.08809187687413,161.05043615263295,-0.079569094,0.032398753,-0.6334818,-0.76305354,132.81873,139.00632546254448
3916,167.59059539765107,163.63137353033795,-0.038782343,0.015050408,-0.4982323,-0.7174784,119.141716,139.00632546254448
3917,165.91608088906884,156.67092115896267,-0.10922249,0.038742606,-0.6197324,-0.65229297,112.15835,139.00632546254448
3918,164.47028558049107,142.5683298451401,-0.12578817,0.029356573,-0.58856064,-0.57216954,97.096176,139.00632546254448
3919,160.04085890824555,130.77593009697836,-0.11220473,0.029154375,-0.6034973,-0.60988533,106.484474,139.00632546254448
3920,152.84465471821974,130.1931591461296,-0.09462521,0.016428027,-0.6004888,-0.66731066,114.94829,139.00632546254448
3921,147.8950657953507,142.70018188040328,-0.08182158,0.022422811,-0.64872587,-0.65926933,124.80951,139.00632546254448
3922,146.731447181159,158.47394262258524,-0.05299718,0.012112731,-0.6585077,-0.6535224,129.10986,139.00632546254448
3923,145.10884199836724,162.03221611142,0.082050346,-0.042100266,-0.6536207,-0.7979267,150.13818,139.00632546254448
3924,142.30864146108266,148.76327918185626,0.06925989,-0.04998398,-0.7775885,-0.85310286,158.55913,139.00632546254448
3925,144.26129576090196,129.47289898286297,0.12256531,-0.062291224,-0.74702,-0.8553935,152.77275,139.00632546254448
3926,154.05428005656836,117.24894065036094,0.16040976,-0.09287349,-0.7240438,-0.82061434,158.98036,139.00632546254448
3927,166.56279970378503,115.84159070017,0.16068068,-0.12443008,-0.7445585,-0.7754451,160.7869,139.00632546254448
3928,174.97047018961237,119.50052651543271,0.15293747,-0.17368233,-0.7710172,-0.74166584,160.833,139.00632546254448
3929,177.34159284561343,120.37253629108737,0.1314229,-0.14676398,-0.76231325,-0.6770495,157.14159,139.00632546254448
3930,175.15424607934932,116.41848876364922,0.12937766,-0.15220729,-0.84871316,-0.6214828,160.45639,139.00632546254448
3931,169.75455974709797,112.1645492440293,0.12022105,-0.09055251,-0.9826612,-0.61017984,169.61723,139.00632546254448
3932,162.61709028681372,112.56370224946464,0.13433225,-0.09028115,-0.96919763,-0.6058063,169.38962,139.00632546254448
3933,156.32921675880633,118.25644429888507,0.059034113,-0.00035346087,-1.0331122,-0.47871447,170.32513,139.00632546254448
3934,153.2439757770227,126.35724712460257,0.077331536,-0.095953435,-0.9880975,-0.571396,168.03468,139.00632546254448
3935,153.94782704564494,133.97702869715278,0.07095211,-0.08822669,-0.9304206,-0.52128917,157.99504,139.00632546254448
3936,157.023497602975,140.15277735376762,0.061232597,-0.09339556,-0.8983316,-0.5021746,154.61494,139.00632546254448
3937,159.8399211188873,144.83253715238774,0.07780135,-0.07264192,-0.8450648,-0.47547063,149.81567,139.00632546254448
3938,160.1071825766497,147.60548645728954,0.07434841,-0.003752613,-0.84214187,-0.36793938,148.28139,139.00632546254448
3939,157.34742469786323,148.16344859467313,0.06255906,0.02403534,-0.8058377,-0.33630309,137.88458,139.00632546254448
3940,153.7284697309078,147.31536339078227,0.066062495,-0.00455284,-0.714863,-0.37615308,124.29135,139.00632546254448
3941,152.89672971103383,146.34550588562,-0.019643204,0.114798605,-0.83520085,-0.24288735,118.73974,139.00632546254448
3942,156.7727320682215,145.66430730662316,-0.026692662,0.08380119,-0.8320083,-0.24100357,124.54638,139.00632546254448
3943,163.62939891044627,146.20636428680163,-0.028251844,0.06388081,-0.8517977,-0.32113072,127.25491,139.00632546254448
3944,169.15474231903863,149.55072959624388,-0.0488641,0.080547474,-0.8861216,-0.31454134,127.1251,139.00632546254448
3945,170.24299751113145,152.86799062134816,-0.051239535,0.09599591,-0.8903513,-0.24700175,120.09238,139.00632546254448
3946,168.43766884383388,149.64373486533646,-0.040300686,0.045910288,-0.86103684,-0.3786655,128.6942,139.00632546254448
3947,166.71463340740885,139.86360971526878,-0.019715652,0.0362439,-0.8582092,-0.37681916,131.1033,139.00632546254448
3948,164.33366038022135,131.7504840323283,-0.005488962,0.033168133,-0.8458657,-0.36113307,133.64085,139.00632546254448
3949,160.45163938342344,130.3976436171418,-0.005650983,0.018839136,-0.8271292,-0.32471,129.1656,139.00632546254448
3950,157.3689116698943,132.16981770557308,0.0061493414,-0.06962477,-0.8264991,-0.43770224,136.4045,139.00632546254448
3951,155.25809876549656,131.638211446552,0.011421396,-0.06264688,-0.8211902,-0.38792595,131.75302,139.00632546254448
3958,149.50022317153164,129.20120975389236,-0.027702112,0.054969095,-0.75993824,-0.113379054,108.40474,139.00632546254448
3959,135.83948520417715,130.75168594611057,0.00017958447,0.03829529,-0.76847225,-0.1292084,105.503456,139.00632546254448
4332,120.55907275914898,140.53058195039034,0.028254477,-0.104595006,1.2796904,0.041844938,173.0651,139.00632546254448
